sigmas = [i * 0.002 for i in range(10)]

sigma iteration 0
[-306.89362391 -306.71351657 -306.45638459 -306.17151266 -305.91635554
 -305.75229141 -305.743237   -305.95017905 -306.42734595 -307.22247413]
sigma iteration 1
[-306.87254526 -306.66297913 -306.37452452 -306.05855748 -305.77434716
 -305.58558802 -305.55385941 -305.74005675 -306.19840737 -306.97225687]
sigma iteration 2
[-306.89417307 -306.70557402 -306.43728058 -306.13689392 -305.86137754
 -305.67345963 -305.63503098 -305.80760661 -306.24443101 -306.99269027]
sigma iteration 3
[-306.95991534 -306.83432457 -306.62523383 -306.37969274 -306.15366975
 -306.00990696 -306.00998747 -306.21647563 -306.6860764  -307.46609681]
sigma iteration 4
[-306.91237135 -306.74474763 -306.49998033 -306.22584841 -305.97966121
 -305.8223285  -305.81804411 -306.02728932 -306.50619826 -307.29987691]
sigma iteration 5
[-306.91043332 -306.73373852 -306.47659026 -306.18785372 -305.92600392
 -305.75489858 -305.73633879 -305.93363827 -306.40068235 -307.18361438]
sigma iteration 6
[-306.89729974 -306.71754651 -306.45698491 -306.16307794 -305.89417733
 -305.71140182 -305.67765364 -305.85350892 -306.2958311  -307.05364634]
sigma iteration 7
[-306.88307248 -306.68942529 -306.41852992 -306.11881388 -305.84825282
 -305.66853007 -305.64270451 -305.8310816  -306.28981884 -307.06426301]
sigma iteration 8
[-306.89956691 -306.71939843 -306.46016027 -306.17059242 -305.90705396
 -305.73263375 -305.70962376 -305.89968611 -306.35930084 -307.13624887]
sigma iteration 9
[-306.91031992 -306.74079698 -306.49417979 -306.21980093 -305.97536698
 -305.82142011 -305.82112646 -306.03339791 -306.513231   -307.30408882]
sigma iteration 10
[-306.90820115 -306.73789607 -306.48857489 -306.20638581 -305.94674697
 -305.76997967 -305.74009771 -305.91711601 -306.35695509 -307.10988872]
sigma iteration 11
[-306.87784298 -306.66941697 -306.37814508 -306.05334738 -305.75383027
 -305.54408969 -305.48806399 -305.6500945  -306.08617615 -306.84410446]
sigma iteration 12
[-306.9435385  -306.80573956 -306.5887877  -306.33744149 -306.10634344
 -305.95541858 -305.94731536 -306.14315894 -306.59943217 -307.36463643]
sigma iteration 13
[-306.91167792 -306.74389717 -306.49840925 -306.22429969 -305.97927099
 -305.82441503 -305.82193601 -306.03038861 -306.50465772 -307.28952954]
sigma iteration 14
[-306.89164251 -306.70074477 -306.43148727 -306.13360337 -305.86558817
 -305.690485   -305.67129729 -305.86967904 -306.3395379  -307.12637704]
sigma iteration 15
[-306.88987228 -306.69781362 -306.42739442 -306.12581914 -305.84929604
 -305.66039845 -305.6230836  -305.8005546  -306.24919462 -307.01793466]
sigma iteration 16
[-306.85618894 -306.62941022 -306.3210191  -305.97999084 -305.66563583
 -305.44067747 -305.36964705 -305.51656673 -305.93800795 -306.68377332]
sigma iteration 17
[-306.92513259 -306.76372052 -306.51811926 -306.23655814 -305.97678712
 -305.80253893 -305.77673433 -305.96180738 -306.41269985 -307.17892808]
sigma iteration 18
[-306.92072831 -306.76073871 -306.52204456 -306.25114964 -306.00415147
 -305.84361793 -305.83378397 -306.03704475 -306.50931688 -307.29981921]
sigma iteration 19
[-306.91934685 -306.75446985 -306.50975068 -306.23294209 -305.98077446
 -305.81481208 -305.79760914 -305.99107376 -306.45052939 -307.22530826]
sigma iteration 20
[-306.90930033 -306.72959737 -306.46421539 -306.16065815 -305.876569
 -305.67591298 -305.62392793 -305.78334354 -306.21091958 -306.95577258]
sigma iteration 21
[-306.89182339 -306.6988521  -306.42771789 -306.12736164 -305.85647226
 -305.67595978 -305.65016848 -305.84248021 -306.30622229 -307.08831216]
sigma iteration 22
[-306.89497241 -306.71228226 -306.44936509 -306.15220227 -305.8771139
 -305.68528384 -305.64061683 -305.80631166 -306.24038275 -306.9921368 ]
sigma iteration 23
[-306.89233194 -306.71165229 -306.45429874 -306.16809406 -305.91032468
 -305.74251978 -305.72662783 -305.9244089  -306.38899698 -307.16757384]
sigma iteration 24
[-306.92276811 -306.75966387 -306.51457377 -306.23624337 -305.98259934
 -305.81604831 -305.79865723 -305.99255217 -306.45294545 -307.22674451]
sigma iteration 25
[-306.87135971 -306.66101958 -306.36725602 -306.03907593 -305.73548544
 -305.51995517 -305.45867206 -305.61301924 -306.04250017 -306.79462115]
sigma iteration 26
[-306.85788239 -306.63852272 -306.34370767 -306.02424254 -305.73846916
 -305.54940483 -305.51866708 -305.7048986  -306.16159539 -306.93277308]
sigma iteration 27
[-306.94850006 -306.80909196 -306.58930999 -306.33688778 -306.10845255
 -305.96603621 -305.97142703 -306.18485516 -306.66093898 -307.44483195]
sigma iteration 28
[-306.9072076  -306.73770645 -306.48754117 -306.20366712 -305.94286842
 -305.76677167 -305.73992256 -305.92325278 -306.37125868 -307.13203918]
sigma iteration 29
[-306.91472699 -306.74605139 -306.49782836 -306.21860376 -305.96631766
 -305.80370468 -305.79249314 -305.99496543 -306.4644275  -307.24861044]
sigma iteration 30
[-306.87395721 -306.66452787 -306.37433074 -306.05356428 -305.76106551
 -305.5597853  -305.51304948 -305.68293514 -306.12294513 -306.8801217 ]
sigma iteration 31
[-306.92650439 -306.76244381 -306.51285885 -306.22756189 -305.96388252
 -305.78586541 -305.75689399 -305.93882089 -306.3877081  -307.15213995]
sigma iteration 32
[-306.94163064 -306.7978441  -306.56552141 -306.29278194 -306.03629336
 -305.85861779 -305.82289181 -305.99190887 -306.42387043 -307.16658133]
sigma iteration 33
[-306.87256353 -306.6736935  -306.40173676 -306.10462353 -305.83902127
 -305.6660056  -305.6474706  -305.84335419 -306.30962376 -307.0900505 ]
sigma iteration 34
[-306.90082795 -306.72141156 -306.45653902 -306.1558872  -305.87914143
 -305.68963393 -305.65239156 -305.83032606 -306.27913869 -307.04561877]
sigma iteration 35
[-306.87111254 -306.65445022 -306.35624585 -306.02719714 -305.72707672
 -305.52016563 -305.46980326 -305.63951762 -306.08323886 -306.84882272]
sigma iteration 36
[-306.92679591 -306.77408454 -306.54034049 -306.27393585 -306.03217633
 -305.87534502 -305.86692447 -306.06768365 -306.53300902 -307.31145194]
sigma iteration 37
[-306.97253596 -306.86063466 -306.66126116 -306.42044035 -306.19563575
 -306.04791518 -306.0423225  -306.24120246 -306.70121601 -307.47022814]
sigma iteration 38
[-306.89009651 -306.70191309 -306.42954442 -306.12047549 -305.83157068
 -305.62500208 -305.56520613 -305.71449648 -306.13037647 -306.86251807]
sigma iteration 39
[-306.92147421 -306.76431104 -306.5281553  -306.25933004 -306.01408999
 -305.85406522 -305.84248665 -306.0424069  -306.50929796 -307.2923785 ]
sigma iteration 40
[-306.91631177 -306.75966431 -306.52390987 -306.25535349 -306.00915825
 -305.84623922 -305.82837837 -306.01831476 -306.47052276 -307.23482208]
sigma iteration 41
[-306.91195852 -306.74172743 -306.48834281 -306.20177967 -305.94111364
 -305.76947462 -305.74987788 -305.94489656 -306.41009425 -307.19252793]
sigma iteration 42
[-306.91655562 -306.74992654 -306.50114169 -306.21831531 -305.96016924
 -305.79021972 -305.77215018 -305.96821983 -306.43271649 -307.21272477]
sigma iteration 43
[-306.88522431 -306.68777679 -306.41048089 -306.10214681 -305.82112994
 -305.62935105 -305.59097683 -305.7692047  -306.21943334 -306.99026812]
sigma iteration 44
[-306.90203663 -306.71661711 -306.44918438 -306.14900106 -305.87347935
 -305.68503116 -305.64735308 -305.82188909 -306.26601264 -307.02614768]
sigma iteration 45
[-306.88535722 -306.68675463 -306.40817984 -306.09705387 -305.81169775
 -305.6141368  -305.56901057 -305.73799623 -306.17781219 -306.93705925]
sigma iteration 46
[-306.89294641 -306.70022372 -306.4234004  -306.11080163 -305.82052025
 -305.61589813 -305.56272528 -305.72281635 -306.15483587 -306.90805522]
sigma iteration 47
[-306.91274514 -306.74454873 -306.4939442  -306.21035781 -305.95229755
 -305.78201515 -305.76145022 -305.95131901 -306.40563184 -307.16957805]
sigma iteration 48
[-306.91413755 -306.74225887 -306.48276379 -306.18366307 -305.90372419
 -305.7063864  -305.65711192 -305.82138785 -306.25605965 -307.00918629]
sigma iteration 49
[-306.89707585 -306.70730039 -306.4340588  -306.126172   -305.84268286
 -305.64730348 -305.60452019 -305.77804798 -306.22291273 -306.98863336]
[ 0.14  0.14  0.14  0.12  0.14  0.14  0.14  0.14  0.14  0.14  0.14  0.14
  0.14  0.14  0.14  0.14  0.14  0.14  0.14  0.14  0.14  0.14  0.14  0.14
  0.14  0.14  0.14  0.12  0.14  0.14  0.14  0.14  0.14  0.14  0.14  0.14
  0.14  0.14  0.14  0.14  0.14  0.14  0.14  0.14  0.14  0.14  0.14  0.14
  0.14  0.14]
[-306.90440428 -306.72684896 -306.46842672 -306.17743322 -305.9115058
 -305.73297892 -305.70522699 -305.89014474 -306.3432895  -307.11215772]
[ 0.00057961  0.00222883  0.00483082  0.00817876  0.01201459  0.01608975
  0.02018588  0.02409945  0.02767074  0.03071948]
