
beta0s = [i * 0.002 for i in range(10)]
beta0 iteration 0
[-338.78275418 -323.97252152 -315.27813578 -310.14901854 -307.27398969
 -305.91635554 -305.62427186 -306.10452194 -307.15756531 -308.64341898]
beta0 iteration 1
[-338.14154124 -323.57669791 -315.013827   -309.95022061 -307.11128217
 -305.77434716 -305.49527793 -305.98408801 -307.04349583 -308.53385928]
beta0 iteration 2
[-339.19070075 -324.14493665 -315.34866607 -310.16103202 -307.24710209
 -305.86137754 -305.54885914 -306.01384478 -307.05556269 -308.53259377]
beta0 iteration 3
[-339.41147414 -324.45522731 -315.67128092 -310.47782181 -307.55219549
 -306.15366975 -305.82793765 -306.27990423 -307.30911966 -308.7744246 ]
beta0 iteration 4
[-339.15134271 -324.27560675 -315.49092862 -310.29289658 -307.3707358
 -305.97966121 -305.66361216 -306.12619784 -307.16626314 -308.64233015]
beta0 iteration 5
[-338.48238126 -323.91515995 -315.29788296 -310.18003999 -307.29676387
 -305.92600392 -305.6214132  -306.09101357 -307.13539371 -308.61410632]
beta0 iteration 6
[-338.74957552 -324.10295521 -315.38048241 -310.20186375 -307.28481507
 -305.89417733 -305.57733515 -306.03884874 -307.07779868 -308.55264588]
beta0 iteration 7
[-338.87056099 -323.98411071 -315.24773222 -310.09813498 -307.21250327
 -305.84825282 -305.5526243  -306.03112904 -307.08397418 -308.57020817]
beta0 iteration 8
[-338.92041085 -324.08171169 -315.34232194 -310.17894279 -307.28067837
 -305.90705396 -305.60384543 -306.07633696 -307.12402846 -308.60598474]
beta0 iteration 9
[-338.99633947 -324.14997198 -315.41399164 -310.25272219 -307.35321504
 -305.97536698 -305.66648873 -306.13278773 -307.17445728 -308.65070532]
beta0 iteration 10
[-338.83716136 -324.08539494 -315.38387182 -310.22841693 -307.3270092
 -305.94674697 -305.63669811 -306.10295646 -307.14538145 -308.62286407]
beta0 iteration 11
[-338.67148028 -323.8721675  -315.15745131 -310.00809618 -307.11954955
 -305.75383027 -305.45822766 -305.9376362  -306.99208271 -308.48056587]
beta0 iteration 12
[-339.55265978 -324.6500997  -315.77422227 -310.50525104 -307.53285876
 -306.10634344 -305.76433736 -306.2073927  -307.23210607 -308.69562079]
beta0 iteration 13
[-338.76950156 -324.06674581 -315.38629459 -310.24544885 -307.35362256
 -305.97927099 -305.67258103 -306.14023455 -307.18296536 -308.66001112]
beta0 iteration 14
[-338.89056273 -324.02603109 -315.2803728  -310.12279177 -307.232537
 -305.86558817 -305.56783743 -306.04459523 -307.0954997  -308.57994455]
beta0 iteration 15
[-339.47004631 -324.32285256 -315.43192818 -310.18947016 -307.24812669
 -305.84929604 -305.53083865 -305.99373952 -307.03548868 -308.51368917]
beta0 iteration 16
[-338.52117435 -323.77077367 -315.05960264 -309.91137034 -307.02652436
 -305.66563583 -305.37490495 -305.85959575 -306.91919596 -308.41249045]
beta0 iteration 17
[-339.29927426 -324.3251623  -315.51304872 -310.30308994 -307.37340609
 -305.97678712 -305.65667515 -306.11585706 -307.15297379 -308.62618253]
beta0 iteration 18
[-338.85194546 -324.16989959 -315.45681362 -310.29331295 -307.38752073
 -306.00415147 -305.69144279 -306.15479018 -307.19407055 -308.66838446]
beta0 iteration 19
[-338.66653303 -323.99755376 -315.34305938 -310.22097252 -307.34368177
 -305.98077446 -305.68313445 -306.15792427 -307.20641472 -308.68814495]
beta0 iteration 20
[-339.11470869 -324.12169341 -315.34022554 -310.16147291 -307.25517837
 -305.876569   -305.57028826 -306.04109702 -307.08791951 -308.56957205]
beta0 iteration 21
[-338.54269599 -323.87983556 -315.21481276 -310.08822983 -307.21332385
 -305.85647226 -305.56643602 -306.0494874  -307.10601511 -308.59500251]
beta0 iteration 22
[-339.48011329 -324.33567027 -315.45902282 -310.22196004 -307.27949748
 -305.8771139  -305.5543079  -306.01306717 -307.05098755 -308.52591403]
beta0 iteration 23
[-338.89211932 -324.06826158 -315.34237168 -310.18306048 -307.28520663
 -305.91032468 -305.60543229 -306.07596104 -307.12158661 -308.6013897 ]
beta0 iteration 24
[-338.64226402 -324.00665694 -315.36105673 -310.23693368 -307.35291532
 -305.98259934 -305.67848813 -306.14791824 -307.19179776 -308.66963606]
beta0 iteration 25
[-338.47962979 -323.78746948 -315.11410677 -309.98275474 -307.10032341
 -305.73548544 -305.43790954 -305.91431849 -306.96520036 -308.4498528 ]
beta0 iteration 26
[-338.1565633  -323.60401754 -315.02207456 -309.94035318 -307.08655638
 -305.73846916 -305.45180825 -305.93561098 -306.99143112 -308.47957214]
beta0 iteration 27
[-339.15775955 -324.33927715 -315.59367605 -310.41437538 -307.49852755
 -306.10845255 -305.7902238  -306.24919493 -307.2848508  -308.75597625]
beta0 iteration 28
[-339.01991957 -324.257271   -315.49081119 -310.28497378 -307.34805907
 -305.94286842 -305.61469825 -306.06753906 -307.09971576 -308.56937725]
beta0 iteration 29
[-339.2701147  -324.28961629 -315.47944904 -310.27843531 -307.35682512
 -305.96631766 -305.65030945 -306.11250424 -307.15167963 -308.62656225]
beta0 iteration 30
[-338.3580754  -323.76178026 -315.13014868 -310.00962542 -307.12837993
 -305.76106551 -305.45971766 -305.93266399 -306.98019712 -308.46184764]
beta0 iteration 31
[-338.5108563  -324.00765496 -315.38087139 -310.24796211 -307.34871557
 -305.96388252 -305.64686597 -306.10579922 -307.14109609 -308.61210775]
beta0 iteration 32
[-339.29947931 -324.3713738  -315.5805217  -310.37612246 -307.44155984
 -306.03629336 -305.70583124 -306.15499078 -307.18272345 -308.6475909 ]
beta0 iteration 33
[-339.02412084 -324.1201835  -315.33849797 -310.14561802 -307.2271133
 -305.83902127 -305.52593563 -305.99181923 -307.03536749 -308.51466491]
beta0 iteration 34
[-338.66213171 -323.95078528 -315.27739195 -310.14042443 -307.2516194
 -305.87914143 -305.57419985 -306.04375437 -307.08815632 -308.56699858]
beta0 iteration 35
[-338.19622699 -323.59728197 -315.00000975 -309.91720944 -307.06775585
 -305.72707672 -305.4482059  -305.93967741 -307.00266113 -308.49748381]
beta0 iteration 36
[-338.81238649 -324.06686203 -315.40456378 -310.28229881 -307.40130226
 -306.03217633 -305.72696354 -306.19419846 -307.23529947 -308.71017834]
beta0 iteration 37
[-339.08648682 -324.49451222 -315.7783506  -310.57041578 -307.6181608
 -306.19563575 -305.85148837 -306.28973321 -307.30913122 -308.76741937]
beta0 iteration 38
[-339.51280783 -324.31564756 -315.41904927 -310.17591389 -307.23291923
 -305.83157068 -305.51057296 -305.97087299 -307.01022446 -308.48632418]
beta0 iteration 39
[-339.60028067 -324.51263089 -315.62257517 -310.37386377 -307.42300717
 -306.01408999 -305.68609214 -306.1402343  -307.17391284 -308.64492118]
beta0 iteration 40
[-339.56389259 -324.48977046 -315.61730449 -310.37281826 -307.42055992
 -306.00915825 -305.67866324 -306.13049578 -307.16240971 -308.63188887]
beta0 iteration 41
[-338.88079789 -324.05404151 -315.34317851 -310.19805746 -307.30980079
 -305.94111364 -305.64028869 -306.11348401 -307.16110731 -308.6424311 ]
beta0 iteration 42
[-338.74363915 -324.0778488  -315.38625666 -310.23512289 -307.33727597
 -305.96016924 -305.6526441  -306.12056131 -307.16395399 -308.64182586]
beta0 iteration 43
[-338.50044692 -323.88188024 -315.21784821 -310.07872091 -307.18956172
 -305.82112994 -305.52268811 -305.99969046 -307.05210478 -308.53889606]
beta0 iteration 44
[-338.56440732 -323.93349958 -315.26519525 -310.12918372 -307.24238466
 -305.87347935 -305.57244684 -306.04584731 -307.09375094 -308.57566064]
beta0 iteration 45
[-339.17630641 -324.17330477 -315.34081937 -310.12741349 -307.20159282
 -305.81169775 -305.49878637 -305.96577009 -307.01024549 -308.49066332]
beta0 iteration 46
[-339.08151126 -324.15766314 -315.36391499 -310.1542701  -307.22019173
 -305.82052025 -305.49933284 -305.95969465 -306.9994376  -308.47639895]
beta0 iteration 47
[-338.91545994 -324.10762949 -315.38827734 -310.23290014 -307.33254283
 -305.95229755 -305.64118908 -306.1057609  -307.14612279 -308.62141657]
beta0 iteration 48
[-338.84939171 -324.05469809 -315.33777805 -310.17992525 -307.28068045
 -305.90372419 -305.59669304 -306.06532166 -307.10951062 -308.58836634]
beta0 iteration 49
[-338.81189555 -323.99810731 -315.26874764 -310.10846979 -307.21342624
 -305.84268286 -305.54265073 -306.01829832 -307.0691391  -308.55414172]
[ 0.012  0.012  0.012  0.012  0.012  0.012  0.012  0.012  0.012  0.012
  0.012  0.012  0.012  0.012  0.012  0.012  0.012  0.012  0.012  0.012
  0.012  0.012  0.012  0.012  0.012  0.012  0.012  0.012  0.012  0.012
  0.012  0.012  0.012  0.012  0.012  0.012  0.012  0.012  0.012  0.012
  0.012  0.012  0.012  0.012  0.012  0.012  0.012  0.012  0.012  0.012]
[-338.90267819 -324.09525011 -315.36301646 -310.19639599 -307.29186162
 -305.9115058  -305.60239003 -306.06977524 -307.11323148 -308.59164513]
[ 0.13703074  0.05512379  0.02991761  0.01993274  0.01494595  0.01201459
  0.01006843  0.00866197  0.00759549  0.00675516]
