rho -0.0 : -3044.39992278873
rho -0.2 : -3043.3232197353573
rho -0.4 : -3042.5870778660615
rho -0.6000000000000001 : -3042.7435699411953
rho -0.8 : -3045.8484096889697

iteration 0
[-3044.03146308 -3043.93846484 -3043.98291318 -3044.2072494  -3044.62803399
 -3045.29401326 -3046.42822429 -3048.59293862 -3052.98966456]


iteration 0
[-3044.06485599 -3043.97219595 -3044.01792494 -3044.24356158 -3044.6652493
 -3045.33163363 -3046.4629337  -3048.62433078 -3053.02177501]
iteration 1
[-3046.35771841 -3046.18161285 -3046.08192355 -3046.00563465 -3046.02431088
 -3046.12315224 -3046.47537002 -3047.62032491 -3049.56997056]
iteration 2
[-3043.80102153 -3043.70621956 -3043.600149   -3043.55687477 -3043.632131
 -3043.82786445 -3044.28008434 -3045.38696373 -3047.36505452]
iteration 3
[-3045.80728785 -3045.44536742 -3045.12767103 -3044.89458216 -3044.73679103
 -3044.66544709 -3044.76989337 -3045.63027112 -3048.11212453]
iteration 4
[-3044.16774089 -3043.60089417 -3043.27833994 -3043.19637274 -3043.3901364
 -3043.79911983 -3044.49851071 -3045.52202241 -3046.98772247]
iteration 5
[-3047.12907051 -3047.07242226 -3047.0322745  -3047.00997482 -3047.09906752
 -3047.40121127 -3048.12550631 -3049.71419563 -3053.08748625]
iteration 6
[-3046.31428006 -3046.18986898 -3046.35242175 -3046.81053276 -3047.4993552
 -3048.786138   -3050.5138187  -3053.34024466 -3059.31086028]
iteration 7
[-3046.06774212 -3045.72811705 -3045.51443049 -3045.40703254 -3045.41826719
 -3045.59615609 -3046.0574501  -3047.01319419 -3049.253222  ]
iteration 8
[-3043.76746021 -3043.20884039 -3042.75774816 -3042.44747548 -3042.27975799
 -3042.27281064 -3042.49474889 -3043.06486467 -3044.49290725]
iteration 9
[-3044.85614578 -3044.78757792 -3044.67255478 -3044.59708265 -3044.62851346
 -3044.87931537 -3045.68516667 -3047.42655152 -3051.00558446]
 
[-0.1 -0.3 -0.3 -0.5 -0.3 -0.3 -0.1 -0.3 -0.5 -0.3]
[-3045.23333234 -3044.98931166 -3044.84354381 -3044.81691241 -3044.937358
 -3045.26828486 -3045.93634828 -3047.33429636 -3050.22067074]
[  1.3895567    1.57754173   1.81889773   2.07565111   2.40195632
   3.148781     4.44070534   7.18011444  15.65315597]
