beta2s = [i * 0.05 for i in range(10, 20)]

iteration 0
[-415.95524164 -381.83315454 -352.72088636 -329.41119784 -313.1456978
 -305.91635554 -311.11653112 -335.07015898 -391.72243232 -523.74865658]
iteration 1
[-415.37102078 -381.40709192 -352.4034471  -329.17419519 -312.96543702
 -305.77434716 -310.99368852 -334.9439184  -391.5646871  -523.5304449 ]
iteration 2
[-416.08948673 -381.96081764 -352.82042277 -329.47002629 -313.15211854
 -305.86137754 -310.99185197 -334.86570609 -391.42193569 -523.33322411]
iteration 3
[-416.93141703 -382.67320262 -353.40458114 -329.94103075 -313.52515136
 -306.15366975 -311.22027916 -335.05448844 -391.61511616 -523.61479038]
iteration 4
[-416.08983147 -381.967921   -352.84499563 -329.52127177 -313.23569496
 -305.97966121 -311.14554706 -335.05458452 -391.65905961 -523.68297583]
iteration 5
[-415.98771948 -381.88879083 -352.78642365 -329.47419655 -313.18803526
 -305.92600392 -311.08767301 -335.00906436 -391.65996639 -523.78972387]
iteration 6
[-416.00644012 -381.94546026 -352.84531946 -329.51573186 -313.1984549
 -305.89417733 -311.00229565 -334.84881389 -391.37786076 -523.23046825]
iteration 7
[-415.49985652 -381.4965704  -352.47700837 -329.2440921  -313.0351555
 -305.84825282 -311.07113024 -335.0246384  -391.66417141 -523.70551444]
iteration 8
[-416.0537505  -381.94138829 -352.81632762 -329.4811413  -313.17992651
 -305.90705396 -311.05224426 -334.93717818 -391.51203254 -523.48126625]
iteration 9
[-416.05467632 -381.93993978 -352.82294783 -329.50328063 -313.22252514
 -305.97536698 -311.15005851 -335.06585789 -391.66069561 -523.61629272]
iteration 10
[-416.09011685 -381.95635856 -352.82490005 -329.494922   -313.2051758
 -305.94674697 -311.10851688 -335.00975858 -391.59773718 -523.57876887]
iteration 11
[-415.64799973 -381.56886163 -352.48862722 -329.21045648 -312.96712422
 -305.75383027 -310.96446979 -334.92474681 -391.58195721 -523.63487418]
iteration 12
[-416.73413855 -382.52778888 -353.30245078 -329.86503311 -313.46631272
 -306.10634344 -311.1824311  -335.01482571 -391.53747352 -523.4156698 ]
iteration 13
[-415.87832525 -381.82112769 -352.75091102 -329.46834585 -313.21426168
 -305.97927099 -311.15517278 -335.06477582 -391.64977544 -523.58681499]
iteration 14
[-416.39408401 -382.13059044 -352.88990117 -329.4811361  -313.14293937
 -305.86558817 -311.03283701 -334.95899553 -391.58632559 -523.61661669]
iteration 15
[-415.74127361 -381.75114689 -352.7014237  -329.40432414 -313.1170899
 -305.84929604 -311.0043833  -334.91597963 -391.54944949 -523.65524758]
iteration 16
[-415.26190486 -381.26443381 -352.25075484 -329.02806114 -312.83524979
 -305.66563583 -310.90420971 -334.87050461 -391.50959787 -523.49514951]
iteration 17
[-416.23584421 -382.07759952 -352.92465442 -329.5751376  -313.26202135
 -305.97678712 -311.11041288 -334.97854517 -391.51592999 -523.38703215]
iteration 18
[-416.16878448 -382.06751744 -352.94381098 -329.60516886 -313.29238499
 -306.00415147 -311.13521667 -335.01076734 -391.57975891 -523.56051206]
iteration 19
[-415.07168414 -381.24931995 -352.37664819 -329.25335105 -313.12086353
 -305.98077446 -311.23093307 -335.19530336 -391.81516334 -523.75887123]
iteration 20
[-415.86028857 -381.77857485 -352.6834803  -329.38092706 -313.11149506
 -305.876569   -311.07349937 -335.03562444 -391.7287097  -523.90741377]
iteration 21
[-415.71956045 -381.64418058 -352.57139575 -329.30082955 -313.06513852
 -305.85647226 -311.07478927 -335.05610717 -391.76201375 -523.91492609]
iteration 22
[-416.40325949 -382.21729851 -353.00878751 -329.59117664 -313.21440719
 -305.8771139  -310.97182547 -334.81556923 -391.34214986 -523.21701507]
iteration 23
[-415.88517426 -381.79311167 -352.69386626 -329.39056351 -313.13149583
 -305.91032468 -311.11487224 -335.06507952 -391.70092832 -523.69708027]
iteration 24
[-415.96135697 -381.90034052 -352.80758127 -329.49996017 -313.22710706
 -305.98259934 -311.15397268 -335.05171586 -391.59971461 -523.44515578]
iteration 25
[-415.71428241 -381.63796854 -352.55309244 -329.25701293 -312.98512945
 -305.73548544 -310.90178862 -334.81045972 -391.41002324 -523.41456499]
iteration 26
[-415.48055809 -381.43844545 -352.39854124 -329.15153392 -312.93384892
 -305.73846916 -310.95492231 -334.90531227 -391.54221486 -523.56455724]
iteration 27
[-416.23362212 -382.13948974 -353.02644234 -329.69311228 -313.38574465
 -306.10845255 -311.2576888  -335.15807886 -391.75661214 -523.74190893]
iteration 28
[-416.2337064  -382.12174573 -352.97264643 -329.60037676 -313.25496999
 -305.94286842 -311.06046479 -334.93570921 -391.52283995 -523.56024979]
iteration 29
[-416.17776457 -382.0139638  -352.86001361 -329.51760544 -313.22341574
 -305.96631766 -311.13906559 -335.06361634 -391.68560437 -523.69505284]
iteration 30
[-415.55961286 -381.5256627  -352.48780733 -329.2351827  -312.99722092
 -305.76106551 -310.91961178 -334.79967996 -391.35545455 -523.28700732]
iteration 31
[-416.05522389 -381.97782248 -352.88054173 -329.5615347  -313.25732297
 -305.96388252 -311.07670428 -334.92174198 -391.43751666 -523.29791929]
iteration 32
[-416.42493743 -382.2640565  -353.09264628 -329.71167793 -313.36125397
 -306.03629336 -311.13033987 -334.96595939 -391.48782677 -523.38717299]
iteration 33
[-415.80033507 -381.75233713 -352.67654445 -329.37937124 -313.10134234
 -305.83902127 -310.98794637 -334.88097762 -391.47199936 -523.46995772]
iteration 34
[-415.77021738 -381.76327413 -352.71274299 -329.42750129 -313.14888959
 -305.87914143 -311.01521788 -334.88636883 -391.43949682 -523.33872286]
iteration 35
[-415.12915994 -381.17237396 -352.20510337 -329.02563724 -312.86894382
 -305.72707672 -310.99062834 -334.98928609 -391.68483419 -523.80452822]
iteration 36
[-416.37675326 -382.20954374 -353.03884997 -329.66889739 -313.33475476
 -306.03217633 -311.14489506 -334.9917084  -391.50581073 -523.32820771]
iteration 37
[-416.5127464  -382.41528522 -353.27263657 -329.89298543 -313.53309919
 -306.19563575 -311.28002318 -335.11450999 -391.64457803 -523.54281682]
iteration 38
[-416.06410892 -381.89976669 -352.74424076 -329.40008007 -313.09950967
 -305.83157068 -310.97881691 -334.8511662  -391.37373791 -523.16707591]
iteration 39
[-416.58170949 -382.34798184 -353.11615946 -329.69736325 -313.33200908
 -306.01408999 -311.13204123 -335.00204218 -391.56485279 -523.49880928]
iteration 40
[-416.68845502 -382.39851441 -353.14540125 -329.71545771 -313.34091095
 -306.00915825 -311.1068243  -334.9462214  -391.44655276 -523.20905686]
iteration 41
[-415.85874976 -381.78977039 -352.70595834 -329.41550258 -313.16205971
 -305.94111364 -311.14632962 -335.10663586 -391.77895538 -523.87606355]
iteration 42
[-415.69080444 -381.67777456 -352.64335818 -329.39893129 -313.17319494
 -305.96016924 -311.15479572 -335.08662245 -391.71163739 -523.7524317 ]
iteration 43
[-415.31970746 -381.35287404 -352.3687837  -329.16749556 -312.98716352
 -305.82112994 -311.06230649 -335.03255722 -391.67446775 -523.68836022]
iteration 44
[-416.11104233 -381.95532025 -352.79320097 -329.43934823 -313.13499785
 -305.87347935 -311.0424824  -334.95857749 -391.56029984 -523.5454946 ]
iteration 45
[-416.24847208 -382.04112251 -352.83992445 -329.44948486 -313.10995095
 -305.81169775 -310.94430082 -334.82842356 -391.41115203 -523.38914362]
iteration 46
[-415.62562742 -381.6074137  -352.56877418 -329.3073192  -313.05891651
 -305.82052025 -310.98533264 -334.87961558 -391.44944604 -523.36458926]
iteration 47
[-415.88103214 -381.80376822 -352.7224778  -329.43990138 -313.18613082
 -305.95229755 -311.12591876 -335.02514074 -391.58721867 -523.48132842]
iteration 48
[-416.03271521 -381.93675877 -352.82037077 -329.48939506 -313.18313327
 -305.90372419 -311.04874014 -334.94311789 -391.52850684 -523.47858328]
iteration 49
[-415.75338305 -381.70038034 -352.62509746 -329.33720832 -313.07689751
 -305.84268286 -311.02757596 -334.95232383 -391.55900492 -523.55640166]
[ 0.75  0.75  0.75  0.75  0.75  0.75  0.75  0.75  0.75  0.75  0.75  0.75
  0.75  0.75  0.75  0.75  0.75  0.75  0.75  0.75  0.75  0.75  0.75  0.75
  0.75  0.75  0.75  0.75  0.75  0.75  0.75  0.75  0.75  0.75  0.75  0.75
  0.75  0.75  0.75  0.75  0.75  0.75  0.75  0.75  0.75  0.75  0.75  0.75
  0.75  0.75]
[-415.96835926 -381.87492006 -352.76865819 -329.45330949 -313.1690415
 -305.9115058  -311.07327207 -334.97757122 -391.57010573 -523.54089021]
[ 0.15944659  0.1047688   0.06570478  0.03882411  0.02171348  0.01201459
  0.00798135  0.00842179  0.01390899  0.03441997]
