mus = [i * 0.05 for i in range(6, 16)]
iteration 0
[-1683.22063827 -1682.77319683 -1682.38061665 -1682.07284955 -1681.84532033
 -1681.6869849  -1681.63656752 -1681.64439631 -1681.73411344 -1681.91922469]
iteration 1
[-1678.5846909  -1678.21037988 -1677.94376604 -1677.7841924  -1677.69702205
 -1677.70493061 -1677.78540754 -1677.95604256 -1678.19196991 -1678.53319176]
iteration 2
[-1679.13454092 -1678.95828021 -1678.83714382 -1678.81961688 -1678.88110348
 -1679.02260861 -1679.23281595 -1679.5370473  -1679.92517314 -1680.37210499]
iteration 3
[-1678.96888389 -1678.73865426 -1678.59768674 -1678.5552092  -1678.58387695
 -1678.69065296 -1678.90922435 -1679.20013896 -1679.57594358 -1680.02643049]
iteration 4
[-1679.17133271 -1678.8721048  -1678.68600262 -1678.56295147 -1678.51010125
 -1678.56417559 -1678.69459798 -1678.89924111 -1679.17836644 -1679.54924177]
iteration 5
[-1679.86172877 -1679.59097261 -1679.38644806 -1679.26816344 -1679.21207705
 -1679.23473812 -1679.32819064 -1679.49101664 -1679.73644408 -1680.04553512]
iteration 6
[-1685.41520976 -1685.20367904 -1685.0852301  -1685.01894756 -1685.00750554
 -1685.08418609 -1685.26465331 -1685.48526268 -1685.8202694  -1686.19418464]
iteration 7
[-1679.02746776 -1678.88166909 -1678.80637218 -1678.78831113 -1678.82713151
 -1678.95128922 -1679.14355856 -1679.42014986 -1679.7738344  -1680.20941897]
iteration 8
[-1682.13874232 -1681.90011879 -1681.78432715 -1681.74200414 -1681.77790767
 -1681.91387081 -1682.14244697 -1682.43387864 -1682.81664194 -1683.28206089]
