mus = [i * 0.05 for i in range(6, 16)]
iteration 0
[-1681.06761544 -1680.76490395 -1680.54366931 -1680.40096002 -1680.34142081
 -1680.35454583 -1680.44022712 -1680.62421312 -1680.88349501 -1681.2208811 ]
iteration 1
[-1678.18692722 -1677.91912781 -1677.73577429 -1677.62443942 -1677.6048391
 -1677.64545622 -1677.75919602 -1677.95205639 -1678.22231518 -1678.56782702]
iteration 2
[-1675.68656148 -1675.57936733 -1675.55074388 -1675.57781666 -1675.68127272
 -1675.85646721 -1676.09297344 -1676.38802557 -1676.76399558 -1677.2040112 ]
 iteration 3
[-1677.40376994 -1677.3228657  -1677.30860831 -1677.3610104  -1677.49237675
 -1677.68752774 -1677.94897154 -1678.27177148 -1678.68162994 -1679.16633781]
 iteration 4
[-1679.88821074 -1679.65368447 -1679.49941789 -1679.42530967 -1679.42875638
 -1679.49820795 -1679.6358753  -1679.85765912 -1680.14458297 -1680.51970635]
iteration 5
[-1677.15153203 -1676.95557397 -1676.84183384 -1676.78701213 -1676.81823947
 -1676.90741786 -1677.08183679 -1677.30799076 -1677.62916952 -1678.01366796]
iteration 6
[-1675.34824286 -1675.15430823 -1675.05017067 -1675.01491195 -1675.04679296
 -1675.15110464 -1675.32490885 -1675.56607536 -1675.88841418 -1676.27143377]
iteration 7
[-1677.23893073 -1677.06568406 -1676.9844625  -1676.96807517 -1677.02987024
 -1677.15273904 -1677.3514477  -1677.62658091 -1677.9754033  -1678.39398087]
iteration 8
[-1675.78831166 -1675.72301352 -1675.73199187 -1675.80197488 -1675.95754587
 -1676.17984216 -1676.4797486  -1676.84494626 -1677.29191778 -1677.79907806]
iteration 9
[-1678.16776778 -1677.96345375 -1677.83675852 -1677.77597644 -1677.79292983
 -1677.87953339 -1678.03530044 -1678.2820364  -1678.59022797 -1678.97084685]
iteration 10
[-1674.26247831 -1674.19525261 -1674.20087598 -1674.29215244 -1674.46539413
 -1674.72364809 -1675.0607661  -1675.48142662 -1675.99455043 -1676.59129145]
iteration 11
[-1678.29773287 -1678.0558291  -1677.89207206 -1677.80358179 -1677.77856951
 -1677.83234602 -1677.96661789 -1678.18118717 -1678.48018456 -1678.83816022]
iteration 12
[-1681.50594799 -1681.29830764 -1681.1575905  -1681.09930473 -1681.11619536
 -1681.2095368  -1681.37526467 -1681.62121574 -1681.93041836 -1682.29939636]
iteration 13
[-1679.24717649 -1678.96365691 -1678.75635335 -1678.62952473 -1678.57190222
 -1678.59170693 -1678.67675191 -1678.88917706 -1679.16255772 -1679.48975272]
iteration 14
[-1677.9514676  -1677.79367441 -1677.72278664 -1677.72973352 -1677.81007038
 -1677.95890616 -1678.18704126 -1678.49383768 -1678.8730009  -1679.32147952]
iteration 15
[-1676.48562754 -1676.30873853 -1676.21357061 -1676.19073956 -1676.24433487
 -1676.38152112 -1676.59028932 -1676.87721747 -1677.22908808 -1677.64638571]
iteration 16
[-1679.59746602 -1679.43701828 -1679.35009154 -1679.30610378 -1679.34984987
 -1679.44392758 -1679.63081518 -1679.88002952 -1680.19398304 -1680.57710921]
iteration 17
[-1679.01831979 -1678.84610979 -1678.74140091 -1678.71194531 -1678.75270853
 -1678.86272208 -1679.05706044 -1679.33176432 -1679.67253183 -1680.09311351]
iteration 18
[-1676.92212194 -1676.7240063  -1676.59003454 -1676.53796665 -1676.56755843
 -1676.67482104 -1676.86002918 -1677.12158459 -1677.46560882 -1677.88459788]
iteration 19
[-1677.21526669 -1676.97569191 -1676.81694301 -1676.74830909 -1676.74158386
 -1676.81519709 -1676.96049273 -1677.19445326 -1677.5047454  -1677.89949144]
iteration 20
[-1680.39628714 -1680.17725117 -1680.02757512 -1679.95250541 -1679.95087357
 -1680.01467449 -1680.15568081 -1680.36140142 -1680.6459328  -1680.99043629]
iteration 21
[-1675.68833898 -1675.57938026 -1675.57512818 -1675.64873441 -1675.77922717
 -1675.98465006 -1676.25868602 -1676.61485922 -1677.05489214 -1677.54988533]
iteration 22
[-1679.6570379  -1679.33794655 -1679.11711175 -1678.98055614 -1678.91344189
 -1678.91736038 -1679.00327949 -1679.16900606 -1679.42042921 -1679.72213079]
iteration 23
[-1678.20139331 -1678.0163978  -1677.91374099 -1677.87387554 -1677.91777874
 -1678.03444627 -1678.23017387 -1678.49697311 -1678.86175006 -1679.29006335]
iteration 24
[-1679.13913712 -1679.03892917 -1679.01021561 -1679.07020237 -1679.18950811
 -1679.40218185 -1679.67323206 -1680.03775946 -1680.47555465 -1680.9812032 ]

iteration 25
[-1681.04854242 -1680.90050642 -1680.81126396 -1680.79639855 -1680.84661285
 -1680.97225039 -1681.17141883 -1681.43963737 -1681.78175894 -1682.18424572]
iteration 26
[-1677.69662196 -1677.57391344 -1677.5254834  -1677.53595963 -1677.61882177
 -1677.77663015 -1677.98708144 -1678.26903145 -1678.63146338 -1679.06538812]
iteration 27
[-1677.60791314 -1677.42676608 -1677.31042048 -1677.27187347 -1677.31639229
 -1677.43545304 -1677.63825446 -1677.89920155 -1678.23816386 -1678.66698274]
iteration 28
[-1682.00606979 -1681.79027494 -1681.62925234 -1681.55101977 -1681.53892593
 -1681.60594182 -1681.75514546 -1681.9872734  -1682.29843232 -1682.67894841]
iteration 29
[-1677.33304411 -1677.08262768 -1676.89485099 -1676.79283264 -1676.75671178
 -1676.82142334 -1676.95765149 -1677.17102152 -1677.45538871 -1677.82029692]
iteration 30
[-1680.96233273 -1680.89710274 -1680.89463574 -1680.94173361 -1681.07887667
 -1681.28128069 -1681.549535   -1681.89084973 -1682.28723139 -1682.7508918 ]
iteration 31
[-1679.39521937 -1679.1599734  -1678.99511487 -1678.8864186  -1678.85164484
 -1678.88217422 -1678.99562212 -1679.18998991 -1679.46195789 -1679.79149177]
iteration 32
[-1677.83954344 -1677.64090214 -1677.50723954 -1677.4565553  -1677.4702993
 -1677.56700716 -1677.71822633 -1677.94909479 -1678.2537403  -1678.63201042]
iteration 33
[-1674.3521673  -1674.10718608 -1673.93659313 -1673.82210869 -1673.77894779
 -1673.79311489 -1673.89418709 -1674.06681331 -1674.30413671 -1674.61840418]
iteration 34
[-1682.04689744 -1681.77538793 -1681.59111244 -1681.47607481 -1681.44766829
 -1681.48653648 -1681.70374414 -1681.89795435 -1682.18401281 -1682.55303342]
iteration 35
[-1680.12965164 -1679.88031857 -1679.72289958 -1679.63236951 -1679.61139246
 -1679.68130362 -1679.83414009 -1680.03736452 -1680.32394509 -1680.68878874]
iteration 36
[-1678.3161949  -1678.19107833 -1678.14596113 -1678.16553886 -1678.25008436
 -1678.41435103 -1678.65497123 -1678.95744212 -1679.34242387 -1679.7940607 ]
iteration 37
[-1678.60813058 -1678.43853262 -1678.34148159 -1678.31246738 -1678.36980754
 -1678.4978694  -1678.70619052 -1678.98593397 -1679.34653987 -1679.77468849]
iteration 38
[-1677.19893392 -1677.06542099 -1677.01549213 -1677.01671349 -1677.08883622
 -1677.2437947  -1677.46360118 -1677.75433341 -1678.1139894  -1678.55276878]
iteration 39
[-1675.90754405 -1675.59092833 -1675.36720087 -1675.22020281 -1675.16767733
 -1675.19382109 -1675.301193   -1675.50115773 -1675.77377055 -1676.12167249]
iteration 40
[-1677.82051062 -1677.62677493 -1677.47349831 -1677.37946247 -1677.35684911
 -1677.38965363 -1677.50673638 -1677.7033352  -1677.99547595 -1678.32963798]
iteration 41
[-1677.60089757 -1677.43140295 -1677.3313713  -1677.30389618 -1677.34371807
 -1677.44683687 -1677.64337497 -1677.9000646  -1678.22520169 -1678.62827335]
iteration 42
[-1677.48105883 -1677.37518846 -1677.33557932 -1677.36322714 -1677.46707281
 -1677.64411756 -1677.89451428 -1678.22279169 -1678.6272598  -1679.10239091]
iteration 43
[-1678.85486668 -1678.5687627  -1678.35446745 -1678.21393775 -1678.16939566
 -1678.16798653 -1678.26051192 -1678.42925269 -1678.67626297 -1678.98336089]
iteration 44
[-1677.76658842 -1677.70061784 -1677.71343462 -1677.78579726 -1677.92753772
 -1678.14031494 -1678.42654087 -1678.78490338 -1679.21837752 -1679.72665442]
iteration 45
[-1679.42822249 -1679.31181841 -1679.28409078 -1679.31187645 -1679.41239869
 -1679.58244989 -1679.82924638 -1680.14401194 -1680.5351487  -1681.0045644 ]
iteration 46
[-1675.48601256 -1675.23079998 -1675.05666265 -1674.97292645 -1674.96046618
 -1674.99375335 -1675.11683388 -1675.32980786 -1675.62654057 -1675.98662679]
iteration 47
[-1675.5705751  -1675.38214224 -1675.28207188 -1675.25635824 -1675.31841994
 -1675.44645851 -1675.66710485 -1675.96435505 -1676.33833175 -1676.80000615]
iteration 48
[-1678.79578398 -1678.41952142 -1678.13362744 -1677.93315452 -1677.81280621
 -1677.78482074 -1677.83048253 -1677.9499396  -1678.17666647 -1678.47298909]
iteration 49
[-1676.69550857 -1676.53705818 -1676.46140779 -1676.4512576  -1676.5068728
 -1676.64246047 -1676.84388391 -1677.10915167 -1677.45150975 -1677.85475927]

25:50
[ 0.45  0.4   0.45  0.5   0.5   0.4   0.5   0.45  0.5   0.5   0.5   0.4
  0.45  0.4   0.5   0.5   0.45  0.4   0.55  0.35  0.4   0.5   0.45  0.55
  0.45]
[-1678.23795326 -1678.04420027 -1677.92460855 -1677.87400645 -1677.89872946
 -1677.99567218 -1678.17400769 -1678.42138851 -1678.74670921 -1679.14331744]
[ 3.71670101  3.74494213  3.77356086  3.80694436  3.84870771  3.90711859
  3.99303359  4.04960802  4.11451534  4.18171042]
