beta1s = [i * 0.05 for i in range(9)]

beta1 iteration 0
[-930.87623541 -438.39078581 -343.50878823 -313.67570469 -305.91635554
 -307.65485263 -313.96434448 -322.58434799 -332.36801022]
beta1 iteration 1
[-930.88014883 -438.16836134 -343.37379133 -313.54421401 -305.77434716
 -307.50357061 -313.8070458  -322.42376604 -332.20688501]
beta1 iteration 2
[-930.87746193 -438.42351307 -343.59251911 -313.69380182 -305.86137754
 -307.53860332 -313.79910059 -322.37918528 -332.13038401]
beta1 iteration 3
[-930.87438072 -438.97221309 -343.98059527 -314.02099824 -306.15366975
 -307.80707915 -314.04990905 -322.6168536  -332.358862  ]
beta1 iteration 4
[-930.87541138 -438.36932036 -343.58923633 -313.75999758 -305.97966121
 -307.69237967 -313.97637165 -322.57140519 -332.33255576]
beta1 iteration 5
[-930.87530913 -438.41775712 -343.57085048 -313.71586494 -305.92600392
 -307.63722315 -313.92380543 -322.52401536 -332.29144787]
beta1 iteration 6
[-930.87058897 -438.54664253 -343.63938229 -313.73040945 -305.89417733
 -307.56582852 -313.81877946 -322.39041951 -332.13278321]
beta1 iteration 7
[-930.8736754  -437.98364166 -343.33495252 -313.58077569 -305.84825282
 -307.59517356 -313.90556595 -322.52245969 -332.30150746]
beta1 iteration 8
[-930.87332531 -438.38711588 -343.55886276 -313.70044139 -305.90705396
 -307.61381089 -313.89536502 -322.49057517 -332.25258212]
beta1 iteration 9
[-930.87413204 -438.4286238  -343.56747831 -313.73929832 -305.97536698
 -307.70620088 -314.00878788 -322.62211298 -332.3993332 ]
beta1 iteration 10
[-930.87726996 -438.27161468 -343.50479966 -313.70334386 -305.94674697
 -307.67827292 -313.97738197 -322.58553479 -332.35726317]
beta1 iteration 11
[-930.8768013  -438.06037687 -343.27331134 -313.49058333 -305.75383027
 -307.50166631 -313.81291358 -322.43067118 -332.20986449]
beta1 iteration 12
[-930.87803881 -438.5893241  -343.80731578 -313.93329308 -306.10634344
 -307.77626338 -314.02341672 -322.5873909  -332.32170067]
beta1 iteration 13
[-930.87278953 -438.28115745 -343.55998412 -313.75329812 -305.97927099
 -307.69094494 -313.97122678 -322.56270507 -332.31992154]
beta1 iteration 14
[-930.88122443 -438.54855694 -343.60133852 -313.68773356 -305.86558817
 -307.55804102 -313.8340897  -322.42810011 -332.19259566]
beta1 iteration 15
[-930.87173667 -438.11716662 -343.41430664 -313.61883266 -305.84929604
 -307.56316177 -313.84470243 -322.4362752  -332.19315199]
beta1 iteration 16
[-930.87464289 -437.67169381 -343.06671825 -313.36418891 -305.66563583
 -307.43211086 -313.75371519 -322.37664029 -332.15774155]
beta1 iteration 17
[-930.88356885 -438.35979463 -343.61751417 -313.77257486 -305.97678712
 -307.67770257 -313.9524337  -322.54069459 -332.29701498]
beta1 iteration 18
[-930.88237961 -438.74851449 -343.73579099 -313.8228365  -306.00415147
 -307.69461911 -313.96263308 -322.54604953 -332.29794236]
beta1 iteration 19
[-930.87640887 -437.97008092 -343.36613664 -313.67241576 -305.98077446
 -307.7542673  -314.08232786 -322.71201235 -332.50022667]
beta1 iteration 20
[-930.87055061 -438.08533762 -343.38625566 -313.61877425 -305.876569
 -307.61428942 -313.91719416 -322.52840146 -332.30351251]
beta1 iteration 21
[-930.87021405 -438.3266462  -343.4490192  -313.61736223 -305.85647226
 -307.59283398 -313.90039742 -322.51884149 -332.30108165]
beta1 iteration 22
[-930.88004633 -438.52082808 -343.57943314 -313.69292867 -305.8771139
 -307.56409764 -313.8296424  -322.41187744 -332.16304457]
beta1 iteration 23
[-930.87641254 -438.27597217 -343.48343919 -313.66753205 -305.91032468
 -307.64847373 -313.95818243 -322.57894592 -332.36449322]
beta1 iteration 24
[-930.87900455 -438.56948671 -343.62847392 -313.76698616 -305.98259934
 -307.70012896 -313.99259798 -322.59843292 -332.37097954]
beta1 iteration 25
[-930.87440536 -438.36064978 -343.43322761 -313.54664773 -305.73548544
 -307.42871653 -313.69868554 -322.28359054 -332.03660372]
beta1 iteration 26
[-930.87228776 -438.32034583 -343.39188812 -313.5272843  -305.73846916
 -307.4557781  -313.75079753 -322.36081692 -332.13804782]
beta1 iteration 27
[-930.88195947 -438.62600992 -343.78519583 -313.91555731 -306.10845255
 -307.80277665 -314.07494516 -322.66314966 -332.42038005]
beta1 iteration 28
[-930.87668268 -438.33507516 -343.59728633 -313.75116253 -305.94286842
 -307.62791568 -313.88772197 -322.46338757 -332.20838277]
beta1 iteration 29
[-930.87969735 -438.44764882 -343.59800783 -313.75090159 -305.96631766
 -307.67843609 -313.96258683 -322.55892383 -332.32141153]
beta1 iteration 30
[-930.87494088 -438.2306372  -343.42439212 -313.56913071 -305.76106551
 -307.44812669 -313.70978624 -322.28717325 -332.03327307]
beta1 iteration 31
[-930.87914932 -438.67566402 -343.72002574 -313.79936997 -305.96388252
 -307.63814668 -313.89394342 -322.46812001 -332.21254618]
beta1 iteration 32
[-930.88118211 -438.68207761 -343.75870743 -313.8616374  -306.03629336
 -307.71602709 -313.97516437 -322.55120522 -332.29741539]
beta1 iteration 33
[-930.8739686  -438.25588361 -343.49453968 -313.64656678 -305.83902127
 -307.52503351 -313.78594359 -322.36150075 -332.10629837]
beta1 iteration 34
[-930.87714482 -438.49494012 -343.62562203 -313.71451395 -305.87914143
 -307.55586522 -313.81610519 -322.39643394 -332.14787137]
beta1 iteration 35
[-930.87514214 -437.91735409 -343.20366468 -313.44725631 -305.72707672
 -307.4888112  -313.81411909 -322.44452087 -332.23647925]
beta1 iteration 36
[-930.87632938 -438.54678337 -343.7090878  -313.83768376 -306.03217633
 -307.73038002 -314.00720747 -322.60010351 -332.36195099]
beta1 iteration 37
[-930.87630677 -438.53869998 -343.81335716 -313.98723859 -306.19563575
 -307.89317018 -314.1622065  -322.74435716 -332.49344253]
beta1 iteration 38
[-930.88105318 -438.09602217 -343.39223373 -313.59920756 -305.83157068
 -307.54646578 -313.82968752 -322.42371625 -332.18336743]
beta1 iteration 39
[-930.8739358  -438.56774486 -343.71951897 -313.83382892 -306.01408999
 -307.69698273 -313.95832168 -322.53596886 -332.28202928]
beta1 iteration 40
[-930.87874228 -438.52883949 -343.69961322 -313.82096964 -306.00915825
 -307.70391303 -313.9792974  -322.57185264 -332.33402917]
beta1 iteration 41
[-930.88121814 -438.37296234 -343.52789663 -313.70190616 -305.94111364
 -307.67717906 -313.98487691 -322.60313291 -332.38644195]
beta1 iteration 42
[-930.87175267 -438.29409887 -343.54366499 -313.72861008 -305.96016924
 -307.68431909 -313.97914631 -322.58508949 -332.35572007]
beta1 iteration 43
[-930.87225811 -437.96250792 -343.27017791 -313.5337758  -305.82112994
 -307.58307027 -313.9049226  -322.53061843 -332.31715352]
beta1 iteration 44
[-930.87525339 -438.42292894 -343.50731144 -313.65137731 -305.87347935
 -307.59857915 -313.89907221 -322.5127096  -332.29196072]
beta1 iteration 45
[-930.86992132 -438.40812281 -343.51965859 -313.62936469 -305.81169775
 -307.49883837 -313.76531836 -322.34915405 -332.1028279 ]
beta1 iteration 46
[-930.87654218 -438.02149357 -343.36837931 -313.58692084 -305.82052025
 -307.53274517 -313.81084265 -322.39825109 -332.15108446]
beta1 iteration 47
[-930.86859041 -438.39670142 -343.56614835 -313.7308018  -305.95229755
 -307.66857586 -313.95693239 -322.55688953 -332.32218981]
beta1 iteration 48
[-930.87776453 -438.38234895 -343.51814788 -313.67835209 -305.90372419
 -307.62579672 -313.91973945 -322.5243639  -332.29417939]
beta1 iteration 49
[-930.87499845 -438.41478365 -343.4542628  -313.60625013 -305.84268286
 -307.57689898 -313.88182086 -322.49553385 -332.27296622]
[ 0.2  0.2  0.2  0.2  0.2  0.2  0.2  0.2  0.2  0.2  0.2  0.2  0.2  0.2  0.2
  0.2  0.2  0.2  0.2  0.2  0.2  0.2  0.2  0.2  0.2  0.2  0.2  0.2  0.2  0.2
  0.2  0.2  0.2  0.2  0.2  0.2  0.2  0.2  0.2  0.2  0.2  0.2  0.2  0.2  0.2
  0.2  0.2  0.2  0.2  0.2]
[-930.8760597  -438.35569701 -343.5366462  -313.69601012 -305.9115058
 -307.62288288 -313.90742244 -322.50476556 -332.26865877]
[  1.24515951e-05   5.60816626e-02   2.79933588e-02   1.67302335e-02
   1.20145893e-02   1.02127798e-02   9.85074258e-03   1.02487757e-02
   1.10638996e-02]