5.375876537852668502e-01
3.881699234627136730e-01
4.388639940428295388e-02
4.661794902000764851e-01
8.443193967365126840e-01
8.635269331682451366e-01
5.018043858568416171e-01
4.980696937632688170e-01
1.116374782756663769e-01
4.930091755468301029e-01
9.869360186454345651e-01
5.076390871269906846e-01
4.133925025692401500e-01
7.613598555065158591e-01
4.953703775446829938e-01
2.805437959112910828e-01
4.227033377115980151e-01
1.376395442030668714e-01
7.669983101232176192e-01
8.946861385835258584e-01
5.395361011233512638e-01
5.642219473413545572e-01
7.584966891426871971e-01
9.128508770703231967e-01
4.755983239824552178e-01
3.946298647774383328e-01
9.658998614617342326e-01
3.733783311008465056e-01
9.395454765984521950e-02
3.451535957271846256e-01
7.095125265359560895e-01
4.158936408623627456e-01
5.901455024917038328e-01
7.331214927067548626e-01
5.183694702466676851e-01
9.599488543322933776e-01
7.234764989360683574e-01
5.826236689359238774e-01
2.643140172834032575e-01
9.379120519010021306e-01
5.107509106484101613e-01
3.874761111466158425e-01
7.697827633401211900e-01
1.372917398364966457e-01
3.840030044454824376e-02
7.230818502099327638e-01
5.076101971658948386e-01
7.703385498341888127e-01
8.617079263137090717e-01
5.496544288896831887e-01
8.194247119969247928e-01
2.777781395806233067e-01
4.089406903545220184e-01
2.497967240239245545e-01
4.030823732346136556e-01
4.938545316920865402e-01
5.247140856653608187e-01
6.442688895670735105e-01
5.498304644427221000e-01
4.032944451769396310e-01
2.028180491330476842e-01
1.972716067808198692e-01
9.442876290186849042e-01
3.501496123377346725e-01
6.797997651775635752e-01
3.744364026459692241e-01
5.245065862157222147e-01
3.388970008487262597e-01
7.093486831763790024e-01
1.694967334639240486e-01
5.509037741839712954e-01
8.541612129332731840e-01
3.404386441530848906e-01
6.512693894846784959e-01
6.540828288472878560e-01
6.632427895039320065e-01
8.082706523348249794e-01
9.807149361928172437e-01
6.375750752106420505e-01
5.175318914697668582e-01
8.134881058809997345e-01
6.782225599198489219e-01
8.355693375229202857e-01
7.987336320300741921e-01
9.548557362483738320e-01
4.654968681349908044e-01
4.207941988815553924e-01
6.931329709777314108e-01
8.155798830831307855e-01
1.003023628460271710e-01
3.341718935576438732e-01
5.111416277235754091e-01
4.428548479378652258e-01
4.456713068738452632e-01
9.553219235224273964e-01
3.133263327646449437e-01
1.833541142714435190e-01
5.842109032711418903e-01
3.797390431102420361e-01
6.617086088068019345e-01
4.792593962202684743e-01
6.929034011305230945e-02
3.808322649989921427e-01
7.605121556388240167e-01
9.035971350514448996e-01
6.864668112107181752e-01
3.031335265149992519e-01
8.985822686021781580e-01
5.866793474556568633e-01
8.559084043710504242e-01
1.554794571570388417e-01
2.197477521199998063e-01
6.842510323218393697e-01
9.907867597667310844e-02
4.539110117660100086e-02
7.960217254119720254e-01
8.328420188619989339e-01
3.156618915098179379e-01
7.729756710247508433e-01
9.301822645525105182e-01
5.871485769382447373e-01
2.873924650651648038e-01
2.749637019771150603e-01
9.257009425784861190e-01
6.568848329417821263e-01
4.419187843051836651e-01
4.524357439588343466e-01
1.892844016353833758e-01
9.087077220815776846e-01
8.164786236638442718e-01
7.663303108932870700e-01
1.974822749242478026e-01
8.126326768350123908e-01
3.177511112743919841e-01
6.627018099855941369e-01
6.439614801544931710e-01
9.160690458037374917e-01
6.201858414875937031e-01
2.778613666379494695e-01
6.676105058821313332e-01
9.576208443478733123e-01
8.259977314619870725e-01
7.196985676619717109e-01
1.757695048488358835e-01
6.213188861571876664e-01
6.898162168280767004e-01
4.262843851413098406e-01
7.717955793436660494e-01
1.142737194118335770e-01
4.416681354296872475e-01
1.414114022164996223e-02
8.567853859377811965e-01
1.115512151346646497e-01
8.166903342835755142e-01
6.149913749582263112e-01
6.892309597725052583e-01
5.199832994447965984e-01
4.622373332942285584e-01
6.671351454554780291e-01
8.727538505595264784e-01
5.565750175681120071e-01
1.877418954681664143e-01
4.024099772535355557e-01
6.757582828447769030e-01
1.775278673605786353e-02
1.519814199811415738e-02
7.880530443226781978e-01
4.322379633044338143e-01
3.443653967028460494e-01
9.539941831186506960e-01
3.483656874597513831e-01
6.430499736246541032e-01
7.661221507982807211e-01
6.258205497725439770e-01
4.485136759947708218e-01
9.300280610801614500e-01
2.803500429652163728e-01
8.226857612495609429e-01
7.022373922710356542e-01
8.873856070387050599e-01
8.734451914215372037e-01
6.795904859088625072e-01
3.049350419446787974e-01
8.628271935016182947e-01
8.291591027507789757e-01
7.577822656371463461e-01
8.797280066717375613e-01
5.232606591012493036e-01
8.453354565290771561e-01
4.250024573970817010e-01
1.562130841208799192e-01
1.889736232817924300e-01
2.405111005816429059e-01
6.765909997489320815e-02
9.219992865780716196e-01
9.690589397517568315e-01
5.148361725370268482e-01
7.525221150548266902e-02
3.005272067199574737e-01
3.380355246095690380e-01
2.229349369052878449e-01
7.590639586119166671e-01
8.708851933150691949e-01
8.061214640218626881e-01
2.519513248703930119e-01
6.170058976486307856e-01
1.499386429049889488e-03
7.913701978024817452e-01
3.573921621966630879e-01
5.753994818402107247e-01
6.221029482545311629e-01
5.312047002259153716e-01
9.378441279910998407e-01
4.489773862115819525e-01
4.052161005725840037e-01
4.534049665650214944e-01
5.895684271245765773e-01
4.612721647345432996e-01
6.979353527239953170e-01
2.278950604464664575e-01
5.022687188809766834e-01
2.487908153072676265e-01
9.427224950459732744e-01
6.103343896860264906e-01
5.472889845819204346e-01
4.983884683885421718e-01
1.624304081065486641e-02
3.627065405928346919e-01
7.085235111386459228e-02
3.469354095884813471e-01
8.325234243353855090e-01
8.370736643669909327e-01
6.656081386889449725e-01
2.776130085512177881e-01
6.397967249576234083e-01
6.046680893303058024e-01
7.002863533149622510e-01
7.613341723304046793e-01
3.903245880382160138e-01
7.119084987605424075e-01
5.494660107716804465e-01
5.607590750812432301e-01
5.009026482845189143e-01
5.384854222207613450e-01
8.793854218236429182e-03
3.635083297621146126e-01
4.327981885687061103e-01
2.947751186295321513e-01
9.151006298697366148e-01
5.561472805930283148e-01
9.166062775316113909e-01
9.601279848678148099e-01
7.668754553288988918e-01
4.867831793773028659e-01
4.568277194325168211e-01
7.876005744818762588e-01
7.972448152239208774e-01
4.695201964402400674e-01
8.661969315707500616e-01
3.173557724398498592e-01
6.952863321559404897e-01
1.052966970216961673e-01
1.949419253637134364e-01
7.745575189402520433e-01
3.015610110982673842e-01
3.814136863070741179e-01
8.480641820077351456e-01
8.854712786957067427e-01
1.383966345157288669e-01
5.227982996017005446e-01
4.027271742103902263e-01
3.964662565945815120e-01
3.307821617168532069e-01
3.955707393600176869e-01
3.050643948935028438e-01
4.300131453468822862e-01
2.086919874309585976e-01
4.893738465715226638e-01
5.155144278371907030e-01
9.043861125518665167e-01
7.080488895136135552e-01
4.594423529777690307e-01
1.297564907305154280e-01
8.658237598795515133e-01
7.058191342258062217e-01
9.063770554417278635e-01
2.869573500613799011e-01
3.804953019498041322e-01
9.602387999696240491e-04
1.740609290011269350e-01
6.641038602249300649e-01
6.009300502044532255e-01
2.692215098024987319e-02
5.380350329519919539e-01
3.803825066619677484e-03
4.130169468417613232e-01
8.108544279170284419e-01
9.267126257924929167e-01
2.355156444256805148e-01
2.236182584344736934e-01
1.411123767196973133e-01
4.858712474144190052e-01
7.750196257212452755e-01
7.872673533440394111e-01
1.989221041433527348e-01
7.726080434438183930e-01
7.973090073320017179e-01
9.512073716289439762e-01
9.620423078795010685e-01
3.803080255001350940e-01
6.195229734229948937e-01
6.043040942821850114e-01
4.040006882663062515e-01
4.679151285304201657e-01
7.365943386962614525e-01
1.646169988243746107e-01
6.319624881646536130e-01
5.178397917460080269e-01
7.259344390891200316e-01
6.164968104295081019e-01
4.184058731791426844e-01
4.382242906557561324e-01
9.145868439590225663e-01
1.981884187261543917e-01
2.256452523180903502e-01
7.287189852355604458e-01
3.481606247128681830e-01
4.255242045803800388e-02
1.204998420459382491e-01
7.248052654168557485e-01
5.794741057494662284e-01
8.412615301475719065e-02
9.040238850607165144e-01
9.409271966864309888e-01
5.038042069899076880e-01
7.518033777928958550e-01
7.784594486229662325e-01
9.586114242726564427e-01
7.269230259161840735e-01
4.253794420390629716e-01
3.906569699708852816e-01
6.177075401460130344e-01
7.871957527347236416e-01
4.561853410114829477e-01
4.271301088457843398e-01
5.196202019439606357e-01
5.028308978144354624e-01
5.326642366588218991e-01
6.176680797123612621e-01
6.868983548340075185e-01
9.086109342979697967e-01
3.736913544342204130e-01
9.802450129055683137e-01
6.617913069873981868e-01
2.706477252155161661e-01
1.886659051164464584e-01
3.127227029258156099e-01
9.127085307687067273e-01
7.344261051711280519e-01
4.145900791145725184e-01
6.643643701628076936e-01
7.288602107582818901e-01
8.163264591358536659e-01
4.092001398398960044e-01
2.098217029950613377e-01
5.704145212652833585e-01
1.054890785542400844e-01
3.669264821810890309e-01
1.786966528520789466e-01
8.554530817699883549e-01
4.401100184655898362e-01
8.679254591868637014e-01
3.507710827453772717e-01
7.801082978989796191e-01
9.637217897874926775e-01
9.851471283320410999e-01
7.116945223606951920e-01
7.233632108105916281e-01
5.797964620297660909e-01
3.243537528541611814e-01
6.254764991595350709e-01
8.367015184179718013e-01
6.401903934722735778e-01
4.486348339646623051e-01
8.648417538799826332e-01
6.482149531769815232e-01
3.964097723313533828e-01
9.051496521562891751e-01
9.516088374425381025e-01
4.182686645021806982e-01
4.233674829791889138e-01
6.656235249824694611e-01
4.596495755349574441e-01
4.251748062476684575e-02
2.679390229133987167e-01
4.434007720226877391e-01
1.663072690729288650e-01
9.704059389707676564e-01
3.487693283052777371e-01
1.160717179459091197e-01
3.444265675524233600e-02
4.596759004440086893e-01
1.192173906375959685e-01
7.803177791938935570e-01
8.028574459966251187e-01
9.786191646942558053e-01
6.602680510356258026e-01
3.948752569924954825e-01
7.198351691238020766e-01
7.555099098382942469e-01
5.576895887436229549e-01
3.215171275383525984e-01
2.828359948972990201e-02
3.075680881607189554e-01
9.277052020944781541e-01
4.802443383544715005e-01
7.716382434507909061e-01
2.567630757057545177e-01
8.136971027505438547e-01
7.412343562425680599e-01
5.005745804125747433e-01
9.108604972080768247e-01
4.058334919031533206e-01
6.497061276374069827e-01
8.357684501665599841e-01
5.335673570301200375e-01
8.352815159898416830e-01
7.161706915563091913e-01
8.350868821490323168e-02
1.420707751453007539e-01
1.963455596560027827e-01
5.000000000000000000e-01
8.886885607553404176e-01
9.595788588834884836e-01
6.115244179221775989e-01
5.338005685033544445e-01
6.532318183015255464e-01
5.144448630621826363e-02
6.067853791022582710e-01
9.128490203700050376e-01
2.776769904974197289e-01
7.279110672337423260e-01
9.657866605283662587e-01
8.808043617403706893e-01
3.308232499565315066e-01
8.498518070248618494e-01
3.007221409793605638e-01
9.365615041290460685e-02
4.434442709918156589e-01
8.815290357788633235e-01
5.951141180943100295e-01
1.877259560765732471e-01
8.009408953356521310e-02
2.947379523907290855e-01
7.234747583888039291e-01
2.745749193008976130e-01
9.286611830345209428e-01
3.284727337069470177e-01
8.032963950701873523e-01
8.752191789646470710e-01
3.805274357078962111e-01
1.729731317579988881e-01
3.010887460672679108e-02
6.737539142103239342e-01
6.288022366309172773e-01
2.118647175544141337e-01
2.968921305751107687e-01
3.282976132421716597e-01
5.862225230597711834e-01
8.506841744813109507e-01
3.914439890712654857e-01
5.897616930323258400e-01
8.760741316801420875e-03
1.481248906543725097e-02
6.232331320776475225e-01
1.215289123653629927e-01
5.106062088115922437e-01
8.401046324096632656e-01
7.128353574095201983e-01
7.071835134933335265e-01
2.221216150129214084e-01
3.722225069981158208e-01
4.390792010033370101e-03
7.632569954842829407e-01
8.972705277650345757e-01
8.430835344314657753e-01
4.185856691657394713e-01
7.140470415425961281e-01
2.250208957048442093e-01
9.571711925890239447e-01
4.551392589375827802e-01
3.808881203926678394e-01
2.276012176638839701e-01
8.379855717756695688e-01
9.911500487225047840e-01
7.724827214107640172e-01
3.837487540489016857e-01
9.344261736483340242e-01
9.517546795198600362e-01
4.077865934772017531e-01
1.258517620138025483e-01
6.726440400559896560e-01
6.747355972088259213e-01
8.993401110242160712e-01
3.296459999719585365e-01
6.176485268582868615e-01
7.343453628156223489e-01
9.581741106036377464e-02
6.484078329489844084e-01
8.254919910100861902e-01
3.956105339125380316e-01
3.286228590017319928e-01
9.096605922411530321e-01
6.243059035567070092e-01
3.763739172651466847e-01
3.394773675069483465e-01
7.197761102575856995e-01
3.915909274046199262e-01
4.467561370179881641e-01
1.972590260713270038e-01
7.054529397992992390e-01
9.831792880932120893e-01
7.424002414041106501e-01
6.256451057218951339e-01
7.264786736182284876e-01
9.662268972688319302e-01
8.792756259862934964e-01
5.296529259140484447e-01
5.258690060671574740e-01
2.450101980009085356e-01
8.741465601944746755e-01
5.366252402592176507e-01
8.902062295544663911e-03
9.638924297836022337e-01
2.448600295972206131e-01
2.997333437862949035e-01
6.484989706259093323e-01
4.047385568791241894e-01
7.570394665237302201e-01
9.298836101209982941e-01
9.115197722464331020e-01
3.138760721244389096e-01
7.579913781563426545e-01
1.177336965853073431e-01
7.521155324929175157e-01
6.283098158941057276e-01
5.804722881217130315e-01
8.166747118127559713e-01
8.985604149309542876e-01
2.845362847164185638e-01
3.885206491568593545e-02
4.011816903124703626e-01
9.822206562756443660e-01
5.950235585839500629e-01
6.414520359638625768e-01
4.397314556565382060e-01
4.043485544225999262e-01
7.341598652969966166e-01
8.590532338237495402e-01
5.861685213252230131e-01
2.115749985931564547e-01
6.447460594354972319e-01
6.007168454193637652e-01
8.405758314084438299e-01
1.329938258821918573e-01
2.564493301820753787e-02
6.425104476621477101e-01
1.373379343466717972e-01
3.168450848580998680e-01
6.188251133373046109e-01
8.666444241759685765e-03
8.655768268698950108e-01
8.910754038914602271e-01
8.786701021890012120e-01
1.136305839130810763e-01
4.473917102914734545e-01
3.776976387656310052e-01
2.462037087523137047e-01
5.274171717575396601e-01
1.502440984755848974e-01
3.289288051732466855e-01
9.957709775829785004e-01
5.088440240503170342e-01
5.979860046811045216e-01
4.380624862588938240e-01
5.767001134414529995e-01
5.895180460368742992e-01
8.508218535756732759e-02
2.734720835969794428e-01
8.597199531021842978e-01
3.446086103502588038e-01
9.881362489618022993e-01
4.162916887930820375e-01
6.428011450123370940e-01
6.137999089022291299e-01
6.792683682763595021e-01
3.665468388500063290e-01
2.263517346575159572e-01
2.486723578826215142e-01
7.769773176735693676e-01
8.039358304107873110e-01
2.567039199218492107e-01
8.154685145220603726e-01
7.130783867498345918e-01
6.993767372992135689e-01
8.129073270124986816e-01
8.794067868316087777e-01
1.561783710098335887e-01
3.574505143336563218e-01
3.362282403537757425e-01
5.542450655438702078e-01
6.093111960868754506e-01
2.782008996044388338e-01
8.964715695762180692e-02
8.360318919096798584e-02
9.164603655559515616e-01
9.673037372603544570e-01
3.485680739145599061e-01
3.821790949251969299e-02
1.919709082655343124e-01
1.064381823857949160e-05
9.937827941393853060e-01
4.431007929282231861e-01
1.946172797680710553e-01
7.370812773769814807e-01
9.191003895947849056e-01
5.403649104394772085e-01
5.473094752352576364e-01
3.846356604685280400e-01
2.460898952319194033e-01
3.307891179635055190e-01
5.757648417577103661e-01
9.833897701501226329e-02
7.861633293437598757e-01
8.091948713878239774e-01
9.038915179224416008e-01
2.811427285196094750e-01
6.851806042054749968e-01
8.657493982436653690e-01
6.267414423089385789e-01
9.859427951078598984e-02
6.288275963996011741e-01
5.274885103071887960e-01
6.318422515765135250e-01
9.533351446417688280e-01
4.000230295633854238e-01
6.722842015683333505e-01
3.655798090386190302e-01
8.472615897244527572e-01
4.446133776845966890e-01
2.483838992514996458e-01
2.579823164466821250e-01
5.977620217878179543e-02
4.363243436945587472e-01
8.550511894245563793e-01
6.913436015472310681e-01
3.886020687829749298e-01
1.204536284018356551e-01
1.674048376203856325e-01
7.864925942504146228e-01
5.652703355857922191e-02
2.490344804811198409e-01
6.610485639130467828e-01
9.622154686195770745e-01
9.495613080501672520e-01
4.855615001967528155e-01
6.631834066319727272e-01
5.772859406723682696e-01
1.513211041550552582e-01
3.959902168183718207e-01
1.968880535513831687e-01
5.562499224214902116e-03
8.225970603862320374e-01
8.474120690346705898e-01
6.777687072660619760e-01
2.762625403114863376e-01
8.194465126150474177e-01
9.182615788246156763e-01
2.653375492759148524e-01
2.587074763258227494e-01
3.176217158415617359e-01
4.767354637920474536e-01
8.716541574919524082e-01
7.810377580035466893e-01
7.726859248088346899e-01
3.079300340559498750e-01
9.708432390871564177e-01
6.558520635297213630e-01
5.318070784643248450e-01
3.770220722363544774e-01
8.058563791204732540e-01
4.328250933678849388e-01
7.976998703723925388e-01
5.407072207145838805e-01
6.711490117854743698e-01
3.261375977928203107e-01
6.247040397701865144e-01
8.674151118056647736e-01
3.256755115771389208e-01
7.632770403405725324e-01
6.838483762002302013e-01
1.757463202249796852e-01
9.248599636314075445e-01
7.420127887534279099e-01
5.301965161607073984e-01
4.234790563755108095e-01
6.994756703692009969e-01
2.816897542141731381e-01
7.135788693075212352e-02
9.852538962311006010e-01
3.754093211148456510e-01
8.701011062811200292e-01
6.553064627816970189e-01
5.562840144158128775e-01
4.465889017051002940e-01
8.640451589573033830e-01
5.490375981739769040e-01
7.129922904112351301e-01
6.863845536754179522e-01
8.621476114121366940e-01
3.432151907791172740e-01
8.703187319196322713e-01
3.415953709185715614e-01
4.488444454236982795e-01
2.651114194690456505e-01
4.119600666515705334e-01
8.397115420721620316e-01
7.799676770708886542e-01
9.155060737563549544e-01
6.204001946938423329e-01
4.373949489057062934e-01
8.119615073196223554e-02
1.881153382514303973e-01
8.432101306196282398e-01
4.564569992952060562e-01
7.594927476613174688e-01
6.640351489260515327e-01
9.601434090973717805e-02
9.454761291382488553e-01
5.396972750840463018e-01
6.330210708942914932e-01
6.755100318932359960e-01
1.011300041836473151e-01
9.367049737001088838e-02
1.523408169164599049e-02
4.471722182652738686e-01
8.184490550137739628e-01
9.431004669263848283e-01
7.981902934524749416e-01
5.399038285582448138e-01
2.583693438880587667e-01
1.489157214224650638e-01
1.664540327227757854e-01
8.984442591444358195e-01
4.420453633878586031e-01
8.193974359058228130e-01
6.227976837737556615e-01
4.361713032419238245e-01
1.708737598057425144e-01
3.693047409962866845e-01
6.703402224764449802e-01
8.720172619193358177e-01
3.055218374123523928e-01
3.102585807978041621e-01
3.172137364259163678e-02
4.218084785495317401e-01
7.287303305639939444e-01
2.170899405297596896e-01
5.075285257159412033e-01
6.084700156119181580e-01
1.007560386603642971e-01
9.249791639265151355e-01
9.770751561857649037e-01
5.720416196420529120e-01
6.076039191644564408e-01
2.615756750153068189e-01
3.870328162351184542e-02
6.584003956806439017e-01
2.387627106221381149e-02
8.299390471802833291e-01
9.526549751191739634e-01
4.758780056693808214e-01
3.138336796910793369e-01
5.890008984885132248e-01
9.224676700786423877e-01
8.709409291050835833e-01
3.826331940012484556e-01
6.336737374265621892e-01
6.825665170485953892e-01
3.307358306649060831e-01
9.121674743099434934e-01
4.232362239829697281e-01
8.451821275087367802e-01
3.996760004953795464e-01
8.705461499588252883e-01
2.293734113647622752e-01
7.174162027973055578e-01
5.352627597012155070e-01
8.985997178807638708e-01
3.888914443015141775e-01
8.324590938235537640e-01
6.150924387819519668e-01
3.829026178723296536e-01
2.537133599785067889e-02
4.612188685805072574e-01
1.479066973740768287e-02
5.354789569229819746e-01
7.143788889006803533e-01
7.136809860054213472e-02
3.297277415746798779e-01
9.368538786953362063e-01
4.171445009850516944e-02
2.605017989502058651e-01
3.793669095910938861e-03
7.078408265413203004e-01
6.928283460987165743e-01
4.953880337603117079e-01
3.336239397851779587e-01
1.596724191994853548e-01
8.591769221671836654e-01
2.548839290286343817e-01
1.890739498385548278e-01
9.315098433387638543e-01
8.807970342317078538e-01
4.150599429248087446e-01
3.206442861853154302e-01
2.184579789572055342e-01
7.048806679624273208e-01
6.491984883924228900e-01
2.346514356468875906e-01
2.040518841453744636e-03
2.000057701622293127e-01
9.400560950243121898e-04
9.387916913752728520e-01
4.388085605422259450e-01
3.620789873435851236e-01
3.521999501303091362e-01
9.853293659948276773e-01
2.473419022383119559e-01
1.414252288634301191e-01
8.897775744927299835e-01
8.073781497327899848e-01
6.324114718180122718e-01
6.343976374108987182e-01
1.173544889739850661e-01
5.229984000104170860e-01
5.762630011775398131e-01
6.209740777575745163e-01
9.689581860233299482e-01
1.400133118721950676e-01
5.401565259903065019e-01
5.815301803194424801e-01
5.072723156766231201e-01
4.075526226145299857e-02
5.383084615231267800e-02
8.029292720740258682e-01
2.279227290708611131e-01
4.119255444618563633e-01
2.095692064518035469e-01
2.475297185160820757e-01
9.363667650934558440e-01
7.827063188185550136e-01
4.300612153863118681e-01
7.491006821383787706e-01
9.908341695828697393e-01
6.726074919935304264e-01
6.220162393986694571e-01
5.335367035166413974e-01
6.350258345976189656e-01
6.953597129948255740e-01
3.116975557597109203e-01
5.442386559639132981e-01
3.119410693189811346e-01
5.815850608225060503e-01
9.112356064762615615e-01
8.196325072380986621e-01
8.257260603527797338e-01
4.776719130035365635e-01
7.290930553733181441e-01
8.818523604932608784e-01
7.097331299878235633e-01
1.983490237839928838e-01
4.360660818201092526e-01
2.639493082591128359e-01
3.816839660601213935e-01
7.783835572405815029e-01
8.320410253020961155e-01
6.305005219547699102e-01
6.989100158658901885e-01
7.990579943834231758e-01
8.657355648107791790e-01
9.845412203121136629e-01
3.405080660130380688e-01
6.253731401406187329e-01
6.789844899407991852e-01
1.276362329172284725e-02
8.023689602842027924e-01
3.833757683374144909e-01
6.342815013092321930e-02
9.655748651246499614e-01
7.596825321012816712e-01
3.413634986189600928e-01
5.563691160478702047e-01
1.045989612803225333e-01
5.390758380218187984e-01
4.448813090071483678e-02
9.175250310416074306e-01
4.777491719825777694e-01
8.763627716369715159e-01
6.956515622554203526e-01
8.300374604863350880e-01
5.192022380312848462e-01
9.463339423634726799e-01
4.437850017500875044e-01
4.796636669640285122e-01
8.626796333591744137e-01
2.556134676760899449e-01
4.241467681744672258e-01
4.657069731160668469e-01
9.006301782603307604e-01
9.689270844286295148e-01
4.330381290755841994e-01
6.407349886584696730e-01
2.188300951906656522e-01
5.236072109212090014e-02
3.682384044801374490e-01
7.306399148463964266e-02
9.742760827576194549e-01
6.962074118945841272e-01
6.116549483535816956e-01
9.769109423722015240e-02
2.667345498780722690e-01
7.167289130113058127e-01
8.836663688336517941e-01
2.762118665374783122e-01
9.251139981630267517e-01
8.146859558757708619e-01
3.372134456711856076e-01
2.338401351284436769e-01
7.524514170790123080e-01
6.247534522029027371e-02
2.779751434362793816e-01
6.159411637215845836e-01
3.679187050734677999e-02
6.856280034037406379e-01
9.697117824367512684e-01
8.847287128239193776e-02
7.483456226707337899e-01
1.498864734618840788e-01
7.803445801227150147e-01
5.461336205413495071e-01
9.709304013978142800e-01
4.789791272952053647e-01
1.609466372947808699e-01
3.169827454810683620e-01
3.433798196657716906e-01
4.451428718359984882e-01
2.411713387039675638e-01
5.603673823637670415e-01
9.034984359649403940e-01
9.629878809513466864e-01
6.671105371496470759e-01
4.301770449459658141e-01
6.722333160056768175e-01
7.614959677153320117e-01
4.168107931441627501e-01
8.142462370709995234e-01
4.749418291959431326e-01
2.609842904729067770e-01
9.193655301473367958e-01
1.092511207838837567e-01
4.355272670256974954e-01
1.081662811703293370e-02
6.522626041092630667e-01
9.048401172111062429e-01
3.340364859140966813e-01
9.470408875740976562e-01
2.931639855649598725e-01
1.961577299137737818e-01
6.747259711393490678e-01
9.503371623342186103e-01
4.248775467563351005e-01
7.114931063742965245e-01
8.580628100362255317e-01
6.076562806697520802e-01
7.451053107989165092e-01
2.819327593132550103e-01
8.118650462479674867e-02
3.591662663717563597e-01
3.974127374826296744e-01
2.836962530737667867e-02
8.513057887234564136e-01
9.599440067574853686e-01
8.908034877532379214e-01
4.578999052228976963e-01
5.712519267595402850e-01
5.649406633988951487e-01
2.325917321483135236e-01
3.013963047262588901e-01
2.994359717937530863e-01
9.074233683951310470e-01
7.538863768579222302e-02
8.308780569474472077e-01
1.722656409948321032e-01
7.945723643268757241e-01
3.807175218451301912e-01
8.439971737516316352e-01
7.081067757268147966e-01
5.956789609728504464e-01
2.803538175694065757e-02
5.429898600606007930e-01
3.410633548964544515e-01
7.725442171326053487e-01
3.518453860956541335e-01
2.644021007664937306e-01
4.577918665068334697e-02
6.621165533115665192e-02
9.100062202269555423e-01
7.244460542559411076e-02
8.941006311137359441e-01
3.265124956536273326e-01
5.137085337884109704e-01
6.229591703874521880e-01
9.630037623931183566e-01
6.565281738269167500e-01
1.491170954497605394e-01
5.329956758378430193e-01
1.531307659170549895e-01
2.670208506752448918e-01
5.103182585626425682e-01
7.068303279146627149e-01
9.798878143971644361e-01
7.312745825021300661e-01
5.784847628699932853e-01
6.710618579809576323e-01
1.654870572517804506e-01
4.134746771916225083e-01
9.025133362355597377e-02
4.858702986385329270e-01
8.883721892520622943e-01
9.214678907699668242e-01
9.173404107539415708e-01
7.022106056896671999e-01
7.509782114178669143e-01
4.151472264433190285e-01
7.138676623179834868e-01
4.566429303851126664e-01
7.586057740624427836e-01
3.646814127762418312e-01
3.161909086551263348e-01
6.610694720734158203e-01
8.487134847850965613e-01
7.884785682745023561e-01
1.673675525988994051e-01
9.718624215628720101e-03
5.621997163706876632e-01
9.671650835041026295e-02
3.851763689571610083e-01
2.423611350829527056e-01
8.780539985739502784e-01
5.784685309634286510e-01
3.483974694802804972e-02
1.895212506722390722e-01
4.803684229314082454e-01
3.255755491447010486e-01
9.652788288936564598e-02
7.430287351594681011e-01
1.474265502931830507e-01
4.208470397596554280e-01
9.638289468633479129e-02
9.375929262378026596e-01
3.960706400597092114e-01
9.766251941932564407e-01
5.785795939064887206e-01
8.095910959537931939e-01
2.262160003773786288e-01
2.640261849510828762e-01
8.196692431458436623e-01
9.425482818365551463e-01
5.828556909636702921e-01
8.822766249313107600e-01
1.072633166470101235e-01
1.948802170963225000e-01
6.590506930757476789e-02
4.092627226972408438e-01
7.600311159023279695e-01
2.099203053328098922e-01
9.905437968099859436e-01
3.573992630787097835e-01
3.609164952380369829e-01
5.814429914003353961e-01
5.964368872778709196e-01
3.161435471664537089e-01
3.028715311712880109e-01
1.124059309393040246e-01
5.138279180903755350e-01
8.784480968154405600e-01
5.029799068452145416e-01
3.413348567942053186e-02
5.747000750332318386e-01
3.211573936566167881e-02
4.250323671804856485e-01
6.499798398406341216e-01
4.701942453937087985e-01
1.714665087346218253e-01
8.367777473654459675e-01
5.028762519767151495e-01
9.359584361600132851e-01
4.143556769918698701e-01
9.439442916531908256e-01
3.122069367721637678e-01
8.762717603877255845e-01
4.793506324072204783e-01
7.754100086317686213e-02
4.892649930696440358e-02
4.473107492291861220e-01
1.678092143432387620e-02
6.479400429744394119e-01
6.633797991342836875e-01
9.450537263005573951e-01
3.750890011331421414e-01
8.433914084249056753e-01
3.249965772257625840e-01
2.414612864411146420e-01
8.205284613433734275e-01
9.928305524704564844e-01
8.280629298175086195e-01
3.396187103283119235e-01
3.752549835625918484e-01
6.505633219651090204e-01
6.677679844305151047e-01
6.720123275432465793e-01
6.594642818602538537e-01
2.311908584761983299e-01
7.015268865757935401e-01
7.016526308799209133e-01
8.343495483238576593e-01
4.555355037201249679e-01
9.539944237375285185e-01
2.820721777140172692e-01
8.171252795964778493e-01
4.254355870962400754e-01
4.715704953399701971e-01
1.329351281330841683e-01
8.058740619594736421e-01
4.871037154039170591e-01
2.607374435450303674e-01
8.585248368980867573e-02
7.406950435981861647e-01
7.952667094378211843e-01
9.523070340024748504e-01
2.610837037836035712e-01
1.787221084776208502e-01
3.602396263634656259e-01
6.174349456651948564e-01
7.424196722422341521e-01
4.453697580978473458e-01
1.768461975088549409e-01
7.886643237058659217e-01
6.675653253770938989e-01
5.747729132850089018e-01
3.964993268925018910e-01
9.109665745343208387e-01
5.939469802015622246e-01
9.667830586518324498e-01
4.621995525019494955e-01
5.178830829076459530e-01
6.856218301017107386e-01
5.344340498783675120e-01
6.645051440389784236e-01
1.099371067848017303e-01
9.083257086647633747e-05
5.697033223000723678e-01
5.359637587210535070e-01
9.910401749562228746e-01
8.235915708620048514e-01
1.363777076631524088e-01
3.521854972367500780e-01
8.577888349851869876e-01
8.201062435527545214e-01
2.743768654341475211e-01
5.188041962314464683e-01
2.548885199666793833e-01
3.886379892599581831e-01
8.293770608511495321e-03
6.898741390957539021e-01
3.640963378659993754e-01
3.668512928083441649e-01
1.363497478729614430e-02
9.635645526873275468e-01
7.657728884915998568e-01
4.968132217155624697e-01
7.949140701324897140e-01
4.871427059199329168e-01
4.970368125092621825e-01
8.479910005379078797e-01
4.803095125697605383e-02
6.116268672013583929e-01
5.372358811821692504e-02
5.598979634740866018e-01
7.503290829728662681e-01
2.058438678450801307e-01
5.143304576360316904e-01
1.029665385062197673e-02
6.208323394874735168e-01
6.724019953078889111e-01
3.446840547558475687e-01
1.266260852830451145e-01
8.002788646970638853e-01
8.510284931209721737e-01
7.631785219925412145e-01
5.593567858239523183e-01
9.422352382578078611e-01
1.626406309358566504e-01
3.143036698099636178e-02
7.133048709080638261e-01
9.566395792017235999e-01
3.757459500814873676e-01
2.857951965173179398e-01
1.091845329404778353e-01
9.445351257299864356e-01
9.956547621857791963e-01
5.795064107039579193e-01
3.903478796762727687e-01
9.093929597231674711e-01
5.966498174383443320e-01
8.407204135958776803e-01
5.016863037788465984e-01
4.412956540328542010e-01
2.424807083287216503e-01
5.145038177973442206e-01
1.643560706480046985e-01
6.999477894475474304e-01
6.487340310371283447e-01
2.727226901298865913e-01
3.373398368217733756e-01
7.946537441458594309e-01
8.142430922011630878e-01
2.391999891891672392e-01
4.044821524195176821e-01
2.352620794846672220e-02
7.034594969272611742e-02
2.051938413251896899e-04
9.513283618140742082e-01
9.227930616839168376e-01
3.135529148104490016e-01
6.003845429082957930e-01
4.305375548785508322e-01
9.615299871510433194e-01
2.845583229386900448e-01
5.570008145498229757e-01
3.145234675037442140e-01
7.392245839789255424e-01
1.821276657262651533e-01
9.932344031842310628e-02
4.056775419434267005e-01
8.469713202810761343e-01
3.506181699059895962e-01
2.846115354928968055e-01
8.537524160083927172e-02
8.730409301388343257e-01
7.239899642684521908e-01
9.180198164284031348e-01
7.231360648491236276e-01
2.061292538945824204e-01
3.119699647360841266e-01
7.932978352342870410e-02
3.816881750293167896e-01
9.523684994862617603e-02
8.804768271867707830e-01
2.133317898466611795e-01
4.334125422270690420e-01
9.788154108030530098e-01
4.678495319161691257e-01
8.933341940210466348e-01
8.876797560058304892e-01
3.398085930206065086e-01
3.263025090934470462e-01
7.418886754867578537e-01
3.146749975325636717e-01
4.021005835208991130e-01
2.742212644441531233e-01
9.040435111316890149e-01
5.249284121025213912e-01
6.882255151945620986e-01
1.887430520924209543e-01
9.052820509498351598e-01
2.750975448226126718e-01
5.782655913285998928e-01
5.185506051119098681e-02
2.601523038456003967e-01
8.026979036040048365e-01
3.821341552432283573e-01
6.107464443769771156e-01
1.987410489372887223e-01
7.979966794117351325e-01
8.485614229663442920e-01
6.451194993286733792e-02
7.463546035464900807e-01
9.169280773179692146e-01
4.202355462417697307e-01
6.324249369543673005e-01
7.861256093623681940e-01
5.779190333875625640e-01
8.361151787886358377e-01
5.142945604977084972e-01
1.161125724363776118e-01
2.044114740305379985e-01
8.302205897215600983e-01
1.445831270213662478e-01
1.386863368435781729e-01
7.609654483260929192e-01
6.627233289601068555e-02
4.233780615370391076e-01
2.595315374340232198e-02
7.618957517806902446e-01
6.847196002964867079e-01
5.162442951821293313e-01
8.346972546207233057e-01
7.663744414280349027e-01
8.726831336501260639e-01
5.937291202576518989e-01
2.423907629450105516e-01
1.855392651534366333e-01
8.014711255905767606e-01
9.193494465544789218e-01
3.093332817078769392e-01
3.691652780313450233e-01
8.859646059007334484e-01
3.766478747897921697e-01
7.203664425676991057e-01
4.585743341567189435e-01
7.319981544586997568e-01
5.748851338318782256e-01
4.371977604914938920e-01
7.501465616652148727e-01
3.459040054786759466e-01
2.398045012682471222e-01
9.202931148995201482e-01
6.082988961015228790e-01
1.135478114315112697e-01
1.050131942618696412e-01
8.070439478479953799e-01
2.467234246802997299e-01
3.232730207873334982e-01
2.552658578043659476e-01
6.081934313446389906e-01
3.458231968947533264e-01
7.260212339597744979e-02
3.700569143241885794e-02
8.850140515842006561e-01
2.564277970899508929e-01
4.282913244646803230e-01
4.891891278740145288e-01
2.079649248153212227e-01
1.582700688716952853e-01
4.778242656448034587e-01
9.928188213850863697e-01
7.951833781178896388e-02
4.926099570131432515e-01
2.516414437738893617e-01
7.081423701542630678e-01
5.562943995461493429e-01
3.048568272228550924e-02
3.197203104508112292e-01
1.519330311472048278e-01
6.862065725080973566e-02
1.952950005277523382e-02
9.886106785061101743e-01
5.084409512082862515e-01
1.174401944270980491e-01
3.498930921442826580e-01
9.845803611133914224e-01
6.304673993701253032e-01
4.806135548196994733e-01
5.407841883471972144e-01
7.570228022696898207e-02
4.917970603157354459e-01
7.595831441533111850e-01
8.144711443428909181e-01
9.179397511549696187e-01
3.577335005133148726e-01
6.324088817747849367e-01
4.674394170625592593e-01
6.149686893769695795e-01
4.928632745613941157e-01
9.968021559353788807e-02
2.956606513097695954e-01
2.848773969190008040e-02
2.155380446878613077e-01
9.501660099303743667e-01
6.376135778497347140e-01
1.784801795369148070e-01
4.003844973879966407e-01
8.502212154818031276e-02
6.030279028163701982e-01
8.325693356625693542e-02
8.537003388758619415e-01
6.507652264873347026e-01
2.392618969649007998e-01
6.335781677064731277e-01
6.091956400405595939e-02
5.064312657490724900e-01
7.217303750635274406e-01
9.966397407458832403e-01
1.324484527020103330e-01
3.582508686583464885e-01
8.914030941398757291e-01
6.851081028236603032e-01
3.320707448342779533e-01
2.845017578731522945e-01
1.559393314543398856e-01
6.788919797475588547e-02
7.146823341650190287e-01
1.737867792961552416e-01
1.728978921670808883e-02
6.921343379248019456e-01
9.363980395596903650e-01
6.679668866079873091e-01
7.466125325228251119e-01
6.059391792294583912e-01
2.314240572026656229e-01
3.081127999905003759e-02
9.965253392597263060e-01
3.021227751819564045e-01
9.456917418974775114e-02
4.605612464983324106e-01
5.821884118318375601e-01
7.072094088501608145e-01
7.306385506673095387e-01
3.494109239840369474e-01
6.556718875783400513e-01
5.573682440010729877e-01
8.312456761582176501e-01
3.882079804738255979e-01
5.079339725856762966e-01
8.401616420009072606e-01
5.902406999273366317e-01
3.376175398493868607e-01
4.325561162351687083e-01
7.415900281875931199e-01
7.522620916269038283e-01
2.862596345931938124e-01
7.184986460018322196e-01
4.095401888960072817e-02
6.278749684780788876e-01
4.426270251938762001e-01
2.004954239829904727e-01
2.613552512205074008e-01
8.618403475792602020e-02
8.760030162064222914e-01
2.038738934760796206e-01
4.152989254428101629e-01
7.952457922583860972e-01
3.503926867376667281e-02
6.592728672745097607e-02
6.646678851339174465e-02
4.357813800728508880e-01
3.142505241913596259e-01
9.318735183276278811e-01
2.612975564319632849e-01
1.151425421868675913e-01
5.353490130915704581e-01
3.061649460796391775e-01
7.063265433126068027e-01
8.298416948028803919e-01
7.352391394826831572e-01
5.901906225464390587e-01
1.247925401419070802e-02
2.572085024983878677e-03
8.043199456003737868e-01
7.174914141222647757e-02
6.299552671567958395e-01
1.282521312224593757e-01
8.462042044711243216e-01
8.276733462567265054e-02
1.565505240246871654e-01
4.076203614076170934e-01
8.804815807247918791e-01
7.477906462614620775e-01
9.339484495420999899e-01
8.529184260702860065e-02
3.980675494158350536e-01
7.387919043850891265e-01
2.217095078487803794e-01
2.295678708896450176e-02
4.347102217251451739e-01
9.894920246843185163e-01
1.670429598764296419e-01
6.588694642201694540e-01
9.148745486960530027e-01
4.561966315916108905e-01
7.945022423859632310e-01
4.275348600880603533e-01
7.312201243419894636e-01
9.849009886652692058e-01
7.444594690320859298e-01
3.218032904040421527e-01
2.023404442348530063e-01
2.424809157761143308e-01
8.252315490869102099e-01
6.107998569841200931e-01
8.229556668915229967e-01
4.275401770860293160e-01
8.156385445494568343e-01
5.213495646854697796e-01
1.466352360205868399e-01
8.474746927754763792e-01
4.282286084403454929e-01
4.429873746837082460e-01
3.535092417018645405e-01
4.898118637833696054e-01
2.375671453663072141e-01
6.011896407385463048e-01
5.174670645383763201e-01
9.942400336067953592e-01
5.841839576819504165e-01
5.877326277809128419e-01
9.078999379397080238e-01
4.147306453773270118e-01
9.801219490750677499e-02
6.061147669484928668e-01
1.528266256494016928e-01
2.475738016351183568e-01
8.767139411218703715e-02
7.026268148559213778e-01
6.330364249728048787e-01
6.799062783080230821e-01
8.830937835553288595e-01
1.694520478288466248e-01
6.937347201295681609e-01
1.858805378181001000e-01
2.126598720665924813e-01
5.461716257117426032e-01
1.267985221620403780e-01
4.790942139903116292e-02
3.389321270223404348e-01
3.191191570313161585e-01
6.351718088721909350e-01
8.161762365691909160e-01
8.792749024264558955e-01
1.734076047733082160e-01
2.887631985975215865e-01
4.374826294308539198e-01
3.039319065549476728e-01
9.076601531182479921e-01
4.386378161059524827e-01
8.570279496308141898e-01
4.227693964012996242e-01
9.401018175311844083e-02
1.245134039498905186e-02
7.276718586407489031e-01
1.046717918096245342e-01
4.594598606866995283e-01
9.786230156201825015e-01
6.906457619853579866e-01
1.901804700030591544e-01
7.933225390024587487e-01
3.217851369733643052e-01
6.995392278654509743e-01
3.780630874873472935e-01
7.404558052624313214e-02
8.264071716815307722e-02
9.070877519125916111e-01
8.053232124815852266e-01
5.804158607087053223e-01
4.614370274703545327e-01
6.999683491134269797e-01
6.515165217970493305e-01
6.634270887051716414e-01
2.744761008208997377e-01
9.868242609671713794e-02
6.407819171162518757e-01
3.546292203485777034e-02
4.965912450373787257e-01
7.265185933664255469e-01
5.421777805036702702e-01
3.242703948193771946e-01
1.861395721400957437e-01
6.500647711773755999e-01
2.619344172189893780e-02
8.168249797456238470e-01
9.536641177678233106e-02
7.772543728106044991e-01
3.774106840303194099e-01
9.810205955429447400e-01
3.151529463297246259e-01
6.949495883811024344e-02
1.460150450281666734e-01
6.292874717137200702e-02
6.377216456531220601e-01
4.790986985141128529e-01
4.589306434383448874e-01
1.990651099440629915e-02
6.432570968562206781e-02
6.899705015667823016e-01
7.655671964388720968e-04
3.660721596973858794e-01
1.675701617426957613e-01
3.516870228524746067e-02
1.427844888620763975e-01
9.812175599648401692e-01
6.725841151782671057e-01
3.910574178847274762e-01
7.408125894771357967e-01
8.948227693584730469e-01
4.468292345163239476e-01
7.772493051356685889e-01
8.903443372228218022e-01
4.372413605744009391e-01
5.450161865026317276e-01
2.727388401789314631e-01
3.424878505030182207e-01
9.539861272010519144e-01
8.586524214802957466e-01
3.516339153968971454e-01
4.533300271746369958e-01
7.093578123426338422e-01
7.454594757560620288e-02
2.753624457422730876e-01
6.409319803920051628e-01
8.880896910903393060e-01
3.530978067888291827e-01
5.130949467306259448e-01
8.807867637636892510e-01
6.374961809628798548e-01
2.786769882430299716e-02
1.111016764666341999e-01
4.997263805845765794e-01
9.499937773200471947e-01
5.792318548987506199e-01
8.477412591431329192e-01
8.478780818864402047e-01
4.205553630949261934e-01
5.759853496177715915e-01
5.521842350689422085e-01
4.378303751523581200e-01
9.462253515826613004e-01
5.607024050282298777e-01
5.315213916527752325e-01
3.854375918453083472e-01
8.499430864972072897e-01
2.467015545285459743e-01
3.164586235316577123e-01
8.717959166049761288e-01
7.205337685109047818e-01
2.534583472497493051e-01
4.382543407642715966e-02
8.237316342151221882e-01
4.760073110692086273e-01
2.144793696344932110e-01
8.924726636698138149e-01
9.733971006752210053e-01
4.085231239886510379e-01
2.567048468468710043e-01
8.699849676304183266e-02
4.053382091857791747e-01
5.098162482689309050e-01
7.953505224878903990e-02
6.178613034713024144e-01
8.211466545482845047e-01
7.585765378077928833e-01
7.129235316915789600e-01
2.043663067360320662e-01
6.717650561081147664e-01
4.910244299146232505e-01
6.789562262337623944e-01
7.838313040202140591e-01
6.545283670756600891e-01
9.519457933034541908e-02
7.402450505026307859e-01
8.490052186675491885e-01
7.596515492039176420e-01
2.293808682890884076e-01
3.380164086467886686e-01
2.827004092818326542e-01
5.600200089126672331e-01
1.156314855234034794e-01
2.127911308347801844e-01
8.057933643922833289e-01
2.839525579142394840e-02
8.588240952929745431e-01
1.471773127950497528e-01
2.212367891552222410e-01
7.965776108055667715e-01
6.451499029840603860e-01
5.436276706667740877e-01
4.910569165332596686e-01
2.449161559064636645e-03
8.609613958452025928e-01
9.103355300309794451e-01
2.655064660464619419e-01
2.083070352888980251e-02
3.746763454240846780e-01
3.127155566608177950e-01
3.968945299616213895e-01
8.964765085649705201e-01
8.820361295254276479e-01
3.679919216273986327e-01
8.068363424424523922e-01
4.348188372701113358e-01
1.533272866567606807e-01
4.995985045848925360e-02
8.694818163017037360e-01
1.040415248260671277e-01
7.493118227341649673e-01
9.270866959038139843e-01
4.985616050958371903e-01
5.154482751649538397e-01
4.010682369435648598e-01
9.712535421376325973e-01
9.349030904218713633e-01
3.040415035882919059e-01
8.698787719990264122e-01
3.600505757457814204e-01
6.858267982914689753e-01
6.153938964030867265e-01
4.167104933699786184e-01
1.779760493055801418e-01
4.652150342640011260e-01
8.656538381061429366e-01
4.790584322114554983e-01
6.644646594397122241e-01
5.476137982640858631e-02
5.602986439987250877e-01
3.269642819018371283e-01
6.566452621320320593e-02
7.238535252114853824e-01
7.149973360785063514e-01
6.075311426302170137e-01
4.652954093221373655e-01
1.546007771910394013e-01
1.243628142985407081e-01
5.390592286616606721e-01
3.471212169704479544e-01
6.137714223784561662e-01
1.944814776238668053e-01
9.201242203235803219e-01
5.740785804064547568e-03
7.431081925467634131e-01
2.213750028813717685e-01
9.850601688901908792e-01
4.294307748483388587e-01
4.482172057634828399e-01
5.240447927467660749e-01
7.118820278020596137e-02
2.740783896205574721e-01
2.402657309324524593e-01
4.377896930206358062e-01
7.869244731506609691e-02
1.613954448491330129e-01
8.513147665039334511e-01
8.053877005581955295e-01
4.300876869652680012e-01
1.476727089356454636e-01
3.461211842348554946e-02
3.951429780280831805e-01
9.974941338278388026e-01
1.682805812217378072e-01
1.324168319191268428e-01
8.916916353579856791e-01
9.114945370935720881e-01
3.591499158553377313e-01
6.677094182660827659e-01
6.979418020373233666e-01
1.757468681560212520e-01
2.177767068432068520e-01
6.616986930693847802e-01
7.796598967341417108e-01
1.750316408315628069e-01
2.491099666438236493e-01
3.011475164440338137e-01
4.062943511929245077e-01
5.824028457274532666e-01
1.927969470375476974e-02
5.002949339483593327e-01
7.590943016177694735e-01
6.416965473441689494e-02
4.528985270087196313e-01
5.965587257318819558e-01
9.594718984969205500e-02
6.959850756536000160e-01
1.999963864134580716e-01
4.260064744799706427e-01
9.854169475347150930e-01
5.270768679283628355e-01
1.111996402839561804e-01
1.587734474437269561e-01
1.092772581989960995e-01
6.055094176174211640e-01
1.078214625524071962e-01
4.204010693598873027e-01
9.087998354874178286e-01
4.748548275007830610e-01
5.250948432642033731e-02
6.269172240075661373e-02
6.716459824768694631e-01
9.918683387338379509e-01
2.304730755327433489e-01
7.031581628163277586e-02
2.878738053488426318e-02
6.616446139345439903e-01
3.541140362272983677e-01
4.086499028067515638e-01
1.240225804303065338e-01
6.372676274099183802e-01
4.934480284712423892e-02
1.642823839030600058e-02
4.539536220946833317e-02
8.534598862974267230e-02
9.949428984801296227e-01
4.072175234115615883e-01
7.705776758945669380e-01
9.865789624812534298e-01
5.672219440254803180e-01
6.599263753267580190e-01
1.024010006646021848e-01
1.603944686414883192e-01
7.391834166856188493e-02
8.920640369177208484e-01
8.039012101235950558e-01
9.210668971221097623e-01
5.603877030194833742e-01
4.030480865530254864e-01
1.492374295849020205e-01
9.667104856004589131e-01
6.961954660080800217e-01
4.698741581122832245e-01
8.766964107598607114e-01
2.438483666479251410e-01
7.432939983732702593e-01
7.729665963719523081e-01
1.140033345600593301e-01
6.602098266070047794e-01
2.098447660434057949e-01
1.422897599554649450e-01
4.981623866591705641e-01
4.515862060389446153e-01
7.592332959228495493e-03
8.322114265095151842e-01
1.839505735097093364e-01
8.345536419626727875e-01
7.261698592173995159e-01
6.753036194725461350e-01
4.962754770995186360e-01
5.508078906202274611e-02
5.805108317459892753e-01
5.377790517688952887e-01
9.438772171954920576e-02
3.757471097954201422e-01
2.659160791620907363e-02
5.580266640640665354e-01
1.958179196712037939e-01
1.385045852457530979e-01
9.369645074707788623e-01
8.610149730597644879e-01
3.418518705451427386e-02
2.101204505739816542e-01
9.827695795838963244e-01
1.198810521142589236e-01
2.910701519028916495e-01
1.251291696813812415e-01
1.608755232603427954e-01
8.139483743972648622e-01
7.816837924025138440e-02
9.586947650049567615e-01
9.650490002114927579e-01
6.315927940566606891e-01
9.809724319480884747e-01
1.561820303996985793e-01
8.297558921448014990e-01
6.042354570004799807e-01
7.922600218963929963e-01
3.029724532520796099e-01
6.366945756581751104e-01
2.026979940668354185e-01
8.308201433922197676e-01
3.161618761693950064e-01
2.896587075852285476e-01
7.320650975331414179e-01
3.540648775992673025e-01
8.790530412875825483e-01
7.158755976517255926e-01
7.121495209437223028e-01
7.556004689094378834e-01
4.901282691628898458e-02
2.696961990941389442e-01
7.685770741547438833e-02
7.048917855053338233e-01
4.861914587125578668e-01
9.588110568179424309e-01
6.650997361924547713e-01
2.263567026110839542e-01
3.818019405665784571e-01
9.232694107310658316e-01
9.305398134171813940e-01
4.064818965036330889e-01
5.725003067811669233e-01
6.496466039355001942e-02
9.666139900026086140e-01
4.322523857107571366e-01
4.504580775159280348e-01
1.587035476871348216e-01
4.058304266400870053e-01
1.956926288999533414e-01
6.770112020082544868e-01
5.509374621335817734e-02
8.294039376669680719e-01
5.157810825583533099e-01
3.907512204799261091e-01
1.539476839598546420e-01
9.546153727804617128e-01
2.845360833457152849e-01
1.728116780196578273e-01
2.885591329025609109e-01
8.302052979540287536e-01
5.544180420438983292e-01
3.325272794516144215e-01
3.964793372770301638e-01
9.275124912412889555e-02
6.483043296049936233e-01
5.172527638016631846e-01
9.951923189329725528e-01
4.863559695997219934e-01
9.446808087664034792e-01
3.213294338896043878e-01
1.518191428177123048e-01
9.175594331915253310e-01
5.000000000000000000e-01
4.569058574037533349e-01
6.809983069262982580e-01
1.170923403924996470e-01
3.676087613551199951e-01
1.128688014371938692e-01
1.021532887169744053e-01
2.019824420513672003e-01
7.964339988607487264e-01
1.478203195453740848e-02
1.422584536263257760e-01
8.080369722566503876e-01
6.838437163401642760e-01
5.460731437064945959e-02
8.111332778433968382e-01
6.467729627518308266e-01
1.562420626364935949e-01
3.451349223337658589e-01
3.109646735166367026e-01
2.156413287442745796e-01
7.303223440329088545e-01
2.466214629585614104e-01
1.398581812757228315e-01
4.447616030100738915e-01
9.622415598485315469e-01
9.344702329695830922e-01
2.951803926483539953e-01
2.278588872929946663e-01
8.543880466857374234e-01
7.675775803683583531e-02
7.086675477904000875e-01
1.523324997037534545e-01
8.184207654323945036e-01
6.437123001225997232e-01
2.657361654475104418e-01
1.047634040840019487e-01
7.814901667422810005e-01
2.192291362827463175e-01
7.605602731352398838e-01
1.984752767278347152e-02
2.633260227137709797e-01
6.314431332535961339e-01
9.926851970410603965e-01
5.434196231112797815e-01
9.870150642030870447e-01
5.987134453410541957e-01
7.043308128003359370e-01
5.479814446706525732e-01
9.312126459780929455e-01
1.941209701563036474e-02
7.439305046906268259e-01
3.779681302705070189e-01
4.603947823310909349e-01
3.512271768201133404e-01
1.168863171500758857e-01
7.929591681935963532e-01
9.541289014575076166e-01
3.738720820796052058e-01
5.727782655011840474e-01
5.351295062393381929e-01
4.435830523081303878e-01
1.352588232491611087e-01
6.936883191610847543e-01
3.785518263308301767e-01
9.404613187905256355e-01
6.887768837107179909e-01
1.667763715152449921e-01
8.854059326289280829e-01
4.453971933381821735e-01
9.525505140904363399e-01
7.310302318390802245e-01
2.703665500424510815e-01
