5.387066319781071977e-01
3.813751746930314490e-01
3.680054084321714158e-02
4.666032404960335223e-01
8.415239232827648186e-01
8.589934987855349924e-01
5.017659939897259891e-01
4.981092085759542543e-01
1.180549522913990623e-01
4.932103959198380627e-01
9.857239870421292682e-01
5.072995203520873631e-01
4.169185163224250479e-01
7.533754947189016393e-01
4.954589009100447972e-01
2.823449856710090189e-01
4.229808454219675107e-01
1.348696058987955415e-01
7.690928586172433024e-01
8.987987314438131703e-01
5.408589763008756490e-01
5.660803871457883440e-01
7.625354103576437170e-01
9.162572215422245536e-01
4.759950169937949283e-01
3.967091662695614862e-01
9.624523586641974271e-01
3.744442077708783345e-01
9.542289658858618684e-02
3.450689434164412872e-01
7.121335367587493526e-01
4.142800016628452875e-01
5.913381523130415429e-01
7.371402986861862461e-01
5.188770672999785116e-01
9.640672102170734226e-01
7.259297528253328968e-01
5.837252576365471457e-01
2.611291589197501928e-01
9.427812318604125164e-01
5.109796455047836972e-01
3.858593304514854050e-01
7.763897687126982694e-01
1.302804844811193408e-01
3.314627487093105285e-02
7.277682308283223156e-01
5.077329400571422013e-01
7.739912958439665314e-01
8.655610016432876419e-01
5.502265419798918478e-01
8.206331137934644859e-01
2.792387926027545819e-01
4.086729293673132535e-01
2.524667967720916062e-01
4.047373938421471862e-01
4.939665359316524063e-01
5.243691765137932226e-01
6.451122418253821822e-01
5.519764951623019611e-01
3.951719704067769290e-01
1.783071335645735056e-01
1.738352720389209627e-01
9.539682297802765110e-01
3.456241412406485525e-01
6.881184802293979219e-01
3.676959360389179809e-01
5.260642936804341696e-01
3.286310329655771079e-01
7.229571632486343491e-01
1.576610146717068728e-01
5.544687812737527643e-01
8.714908716941547340e-01
3.279460243860592428e-01
6.634493491963782130e-01
6.634985167434583886e-01
6.751107551666980511e-01
8.248352993655396759e-01
9.865919089113613927e-01
6.461700579341147499e-01
5.185045943174586558e-01
8.248031602054067823e-01
6.844238955060208962e-01
8.441862922720922979e-01
8.075932604861718600e-01
9.589564723609236285e-01
4.647310359720508433e-01
4.190318323848148396e-01
6.977117786944874167e-01
8.253524795067044284e-01
9.368206081516466943e-02
3.291015270664885417e-01
5.113472261213024561e-01
4.417459644588093148e-01
4.443403044952094483e-01
9.609894040279848282e-01
3.072978340037804679e-01
1.746356136579130525e-01
5.869348187177521048e-01
3.751128523849364682e-01
6.689440886751201187e-01
4.782809792280145467e-01
5.967329860317164419e-02
3.766139864798997983e-01
7.683708839624004971e-01
9.097414119837176072e-01
6.923457825403855903e-01
2.957194189004258567e-01
9.104044381280573806e-01
5.912825735841812369e-01
8.697124200256312054e-01
1.399270029189819409e-01
2.092771779174209534e-01
6.935753351041422654e-01
8.714196691469899836e-02
3.819102080121089537e-02
8.107521587836583610e-01
8.496689790697534717e-01
3.056821690263454294e-01
7.890365585188721109e-01
9.405190319249331354e-01
5.917958861374252866e-01
2.776511462288330234e-01
2.693372885126660843e-01
9.342218250895264475e-01
6.640436862664705897e-01
4.392505331064520124e-01
4.503545163255991968e-01
1.801545096285898928e-01
9.167633596390433182e-01
8.313542779108882286e-01
7.792367147926013704e-01
1.824041226425512641e-01
8.284692380690746871e-01
3.041747103727303059e-01
6.740592645122994719e-01
6.546956406742827639e-01
9.308869128246844982e-01
6.303713850022899523e-01
2.592412358939140127e-01
6.811581848352116220e-01
9.677733332019908818e-01
8.463908686474648224e-01
7.369787637220615029e-01
1.547374434108610974e-01
6.315922187498137497e-01
7.044993815643556534e-01
4.203493232472247376e-01
7.900477180419277490e-01
9.759744081007376559e-02
4.375453334131292338e-01
9.528861397735221075e-03
8.747242218214525966e-01
9.854906356492670882e-02
8.327112411804873382e-01
6.216342624403771167e-01
6.969522772815869294e-01
5.208481116645693465e-01
4.610475991469968338e-01
6.734569584650191842e-01
8.821409246208012922e-01
5.579567345957937574e-01
1.810077401901750704e-01
3.995531619798691758e-01
6.797016366036309210e-01
1.433655964379709422e-02
1.251119470925632880e-02
7.931329585034777585e-01
4.310352065606666838e-01
3.416736932605127786e-01
9.558042211392498988e-01
3.480374228987408447e-01
6.423142424235245285e-01
7.626309663526297244e-01
6.246502052180049613e-01
4.491196937129253719e-01
9.301389322793687242e-01
2.793858831731879655e-01
8.242598184835370212e-01
7.021206439002882771e-01
8.866527081757104023e-01
8.751729778482906230e-01
6.822088362856214561e-01
3.007345409684248350e-01
8.685742056784762077e-01
8.305529993934911426e-01
7.582406450421339539e-01
8.812492337186677016e-01
5.229649607233795017e-01
8.408695156735062071e-01
4.258281087129912601e-01
1.598867526859499288e-01
1.934208587321590012e-01
2.455373872399182200e-01
6.896031930546550615e-02
9.240424485356970585e-01
9.692621620626087342e-01
5.144819237297069137e-01
7.854146100831622956e-02
2.979377333396543981e-01
3.358053935724322758e-01
2.232481761498018580e-01
7.601167813207614365e-01
8.735834430795952343e-01
8.067129601419501528e-01
2.516958839088018207e-01
6.182486770084296701e-01
1.116937633013743124e-03
8.061597211260409512e-01
3.471035829561616715e-01
5.816267939863055680e-01
6.330375595152079038e-01
5.339756196823655099e-01
9.521727180235364241e-01
4.455288241725655074e-01
3.989939726479495574e-01
4.506539360115637272e-01
5.939173398535463333e-01
4.595716453018899306e-01
7.055793966438075326e-01
2.209013129499128036e-01
5.023806473925563898e-01
2.373422265767028139e-01
9.495512806099514203e-01
6.140552092336742929e-01
5.489511404805552663e-01
4.983246634437242251e-01
1.305696948811029684e-02
3.562427288624909760e-01
6.155682859583670730e-02
3.407955766851223922e-01
8.410954054722462603e-01
8.480749800094795621e-01
6.726810941088681162e-01
2.688700221919222422e-01
6.458239799228048250e-01
6.101795024257264943e-01
7.100561666532659855e-01
7.696696161693273863e-01
3.865120887503419311e-01
7.169987732443824369e-01
5.511490053174651349e-01
5.629907120195258852e-01
5.009427613337399388e-01
5.399735122530213705e-01
6.830584213352750185e-03
3.605017349543521155e-01
4.316358451305368216e-01
2.907859524278921248e-01
9.172977901827065184e-01
5.558279967043709968e-01
9.162616529863284454e-01
9.633186819964085768e-01
7.679667006144305086e-01
4.867996301775487367e-01
4.564356620101054918e-01
7.889651519467338892e-01
7.991723433493430617e-01
4.686372344835134651e-01
8.750507923590623571e-01
3.117986352976392928e-01
7.007221595453683172e-01
9.622168240884193535e-02
1.877526120278766864e-01
7.844481961714296903e-01
2.942958158559307869e-01
3.771436407069401198e-01
8.582628190335918061e-01
8.940844432892319782e-01
1.345012312985773284e-01
5.233112412027128846e-01
4.008324487604994490e-01
3.935414882793257796e-01
3.246989733961569424e-01
3.915810103077348447e-01
2.977288840402425585e-01
4.268633973448673902e-01
1.976192355054240679e-01
4.887308059779917335e-01
5.163423157499482663e-01
9.153425849359463351e-01
7.138025333503855707e-01
4.576257970926039254e-01
1.181729759594904866e-01
8.787259474558192229e-01
7.177237182926354819e-01
9.223824032132246220e-01
2.756486375092832009e-01
3.729781574989324833e-01
5.486531547133085369e-04
1.767958804258884797e-01
6.650115692922058397e-01
6.025265492475113671e-01
2.537963364460772003e-02
5.378523358527486087e-01
3.867714235748481461e-03
4.138624008684285704e-01
8.127533463678328074e-01
9.245131569024876983e-01
2.389408461312237941e-01
2.274419317314040900e-01
1.462754248820801184e-01
4.862538706878394290e-01
7.683670434202801713e-01
7.800644868207771143e-01
2.055256886042770847e-01
7.684746677991994845e-01
7.880813338032011117e-01
9.483412043461421082e-01
9.640326486980548282e-01
3.780299026170722554e-01
6.212126483959528045e-01
6.045738984585830034e-01
4.037213939296882548e-01
4.679493381352046177e-01
7.355359538889010285e-01
1.674329273272974206e-01
6.290750537582984192e-01
5.171936331146671506e-01
7.176530257583576544e-01
6.101524681755168267e-01
4.243973859225518286e-01
4.440044223743684348e-01
8.997155821064123371e-01
2.104906411928367804e-01
2.392963417111945712e-01
7.186268132783855123e-01
3.537700227607569747e-01
4.575457593672272588e-02
1.215219613884252481e-01
7.232756842784334728e-01
5.786929879137783228e-01
8.513368975404506100e-02
9.082836238554801156e-01
9.445998764648255719e-01
5.038306001286830815e-01
7.541421549172783179e-01
7.809000660137621619e-01
9.617496727383000321e-01
7.296487267806078814e-01
4.247171312404969257e-01
3.896610912054485620e-01
6.196109665972404645e-01
7.924131110140447687e-01
4.546069890654930168e-01
4.248678987257231698e-01
5.201468938020354926e-01
5.028932034372228799e-01
5.333388693167150363e-01
6.196953482155497239e-01
6.868198371400158209e-01
9.109179674772410751e-01
3.717987664685154514e-01
9.828834529689590704e-01
6.623286254201554701e-01
2.695695860137435340e-01
1.847083709357277559e-01
3.097165395204883875e-01
9.171162873256492043e-01
7.375161756152476267e-01
4.128766621774707102e-01
6.680398730633799742e-01
7.324586161041342081e-01
8.221509050370895411e-01
4.069805803051648740e-01
2.079325361090235413e-01
5.711595250569745374e-01
1.032514742555573489e-01
3.641986244952969409e-01
1.731689144618261400e-01
8.590479044906457196e-01
4.391927413728409224e-01
8.701776583278865163e-01
3.490393336416028891e-01
7.841727259875752587e-01
9.668881316599832187e-01
9.861085034374936775e-01
7.207885132285778429e-01
7.305170388895316780e-01
5.827047971864007803e-01
3.190085326475651795e-01
6.299073886418420365e-01
8.435269822978361809e-01
6.443957329767260322e-01
4.470271226722574154e-01
8.745927956184166296e-01
6.540672383601190409e-01
3.915433163839272535e-01
9.150635914559741568e-01
9.576525814122079927e-01
4.163530545489775303e-01
4.217051012023937395e-01
6.678395906264366078e-01
4.591892096639123566e-01
3.887356965065870418e-02
2.578396802991442249e-01
4.397574039336162866e-01
1.522062718267317427e-01
9.776641017812739420e-01
3.414149241907166732e-01
1.045186998123985855e-01
2.571635289776748670e-02
4.564271511131654524e-01
1.023384702533089025e-01
7.980239924396737017e-01
8.173939316160001578e-01
9.841743486959947385e-01
6.678985979917254623e-01
3.897769307965372465e-01
7.286392779712778101e-01
7.641069743624727684e-01
5.592801469122317126e-01
3.189962028366888358e-01
2.456782207904148474e-02
2.956224939808533292e-01
9.399446259902696221e-01
4.792531155131360965e-01
7.843533096597031795e-01
2.461674143276610383e-01
8.241999853724658598e-01
7.505762324639430050e-01
5.005940427485986444e-01
9.175598772348867449e-01
4.044183154216374199e-01
6.507867966303751972e-01
8.385522249761979685e-01
5.330513323581659302e-01
8.328083113315480901e-01
7.133730725672048356e-01
8.630495224178313940e-02
1.404592516100998389e-01
1.990427538056648571e-01
5.000000000000000000e-01
8.843120758948387339e-01
9.577347980717969556e-01
6.115680373015160987e-01
5.336336573595210631e-01
6.512146291699535405e-01
5.149672686598005117e-02
6.085055439524356125e-01
9.148266110022441611e-01
2.771712186119301702e-01
7.313603285639665996e-01
9.676481026657629547e-01
8.755123836508746926e-01
3.360333376599408117e-01
8.432941319698605831e-01
3.111704304855940073e-01
1.032403142867246992e-01
4.457363182983556382e-01
8.734417580806688175e-01
5.926121678213073229e-01
1.920376266873264071e-01
7.704209382864131428e-02
2.844095338335033696e-01
7.336602396042014584e-01
2.674055240672548739e-01
9.375132175348066532e-01
3.225978626139748284e-01
8.109832180546251434e-01
8.800507311591803106e-01
3.775472692183464152e-01
1.652443500537039978e-01
2.818562837443855038e-02
6.765029409801631699e-01
6.300653813188556995e-01
2.090822237859101262e-01
2.956142544059953692e-01
3.272201645462820552e-01
5.856934049469539882e-01
8.484981992426812170e-01
3.914542886752536699e-01
5.887078148084944340e-01
8.618270477759712792e-03
1.747756080339323004e-02
6.216451040514907600e-01
1.212315925355076096e-01
5.104646471811985498e-01
8.334247487390172848e-01
7.057795948062971503e-01
6.996848566275514214e-01
2.303556171276433806e-01
3.767796434000338368e-01
4.804593913107858653e-03
7.613854045911350177e-01
8.968376192230357313e-01
8.381932820486670543e-01
4.210819280229207706e-01
7.059336631813492025e-01
2.344455905564955256e-01
9.537568892596072212e-01
4.561830350590410088e-01
3.845603092371682741e-01
2.343878437084105648e-01
8.331149486287717787e-01
9.908840263681605309e-01
7.659576356926256491e-01
3.876180616523783873e-01
9.293702214505393799e-01
9.484017129499049403e-01
4.089133796462567916e-01
1.292533257515689205e-01
6.718309840734891791e-01
6.733561761209814200e-01
8.994230927871870174e-01
3.276254736739345752e-01
6.186894941869615083e-01
7.347954916970995676e-01
9.689677893755074822e-02
6.489084936501050560e-01
8.238425438408628620e-01
3.971184187572759927e-01
3.310550004773209487e-01
9.104787892916087477e-01
6.217048943636677150e-01
3.811187939909487787e-01
3.455576036121837946e-01
7.115384959246868757e-01
3.953788861746609373e-01
4.487227458720621232e-01
2.064907801959007527e-01
6.996376251040026251e-01
9.818431237431063385e-01
7.376045578999592678e-01
6.234701462784478787e-01
7.228452887007381644e-01
9.648484670892227832e-01
8.799700983500940987e-01
5.299545665055419574e-01
5.257567557797222513e-01
2.454279693839554743e-01
8.759141563916787998e-01
5.365609725463637014e-01
8.887203480181911364e-03
9.680470817335337097e-01
2.369074357328267433e-01
2.967830147914645722e-01
6.473787313963098589e-01
4.076074956240841041e-01
7.453288191677310826e-01
9.226008325378900476e-01
9.085243492658379161e-01
3.148497210104261312e-01
7.554496355931530349e-01
1.196534780944570747e-01
7.487514149375922301e-01
6.252803249339820013e-01
5.772245126060329135e-01
8.062374168968813315e-01
8.932637264641573038e-01
2.873390673425055830e-01
3.809498141054678405e-02
4.001539248396424608e-01
9.835451973462641106e-01
5.960013535468048351e-01
6.426548600048633819e-01
4.392512568870320933e-01
4.030686582736520696e-01
7.370389767926240898e-01
8.615755412969294813e-01
5.872608556715058770e-01
2.112430582789056044e-01
6.430858158057263241e-01
5.992614894877338338e-01
8.372707985950211818e-01
1.332841959008302379e-01
2.317782577883871487e-02
6.470877085702257947e-01
1.273943609578064573e-01
3.092700609157740255e-01
6.243402048135510141e-01
6.422330971038837412e-03
8.683339830989569297e-01
8.964207050571539881e-01
8.859866292032599899e-01
1.071427635804824974e-01
4.464055196710000617e-01
3.767765107779244005e-01
2.453818238216507741e-01
5.272922574861262923e-01
1.522770668356191182e-01
3.302024560382782470e-01
9.958973169544199644e-01
5.094001425511198722e-01
6.032474797672998656e-01
4.349543089130326057e-01
5.798877769686489048e-01
5.930259291135002719e-01
7.867940933640393819e-02
2.650380772872888424e-01
8.690275270856877565e-01
3.415557170228374906e-01
9.903580819424001591e-01
4.141925100677722460e-01
6.435563809431111837e-01
6.127771049556979266e-01
6.753900192495112531e-01
3.689068554234140596e-01
2.296327296472145119e-01
2.508058245411235454e-01
7.793435912408600563e-01
8.061002668060629484e-01
2.577447012441910212e-01
8.137201619783724915e-01
7.129889878146452586e-01
7.000253415426745951e-01
8.131901814715004617e-01
8.820674156932073462e-01
1.538309954921248390e-01
3.583887741588598352e-01
3.346034875529916852e-01
5.549750847231388340e-01
6.110483694465458360e-01
2.717978242912426068e-01
8.342317338839622121e-02
8.123462726578743742e-02
9.171037677400775134e-01
9.678154049823063376e-01
3.441304105249231582e-01
3.366966559240858192e-02
1.823555728053913860e-01
4.590824534823629010e-06
9.932552754316195109e-01
4.450574912912238501e-01
2.054224711490973132e-01
7.275812178428618937e-01
9.090249262146724574e-01
5.384640215965522669e-01
5.450402196074805028e-01
3.906624566787216257e-01
2.592434490048530216e-01
3.398479323391714879e-01
5.718404650218141816e-01
1.090124249759637648e-01
7.755383567021391089e-01
7.978571831386436219e-01
8.948284616269203129e-01
2.910007915313900795e-01
6.776365094027377856e-01
8.549230975028012658e-01
6.194162631928253893e-01
1.116243395554851053e-01
6.239751893212408529e-01
5.263383282362692484e-01
6.264748203136825122e-01
9.467562885862583766e-01
4.032205288334421156e-01
6.653207766947097923e-01
3.738191641689298517e-01
8.336308840496587935e-01
4.479274197458367746e-01
2.615091960363538082e-01
2.722750829340619960e-01
6.994691119042287242e-02
4.385728361173268919e-01
8.462352590274877517e-01
6.830140790383467664e-01
3.955456726409531942e-01
1.338187099406897007e-01
1.781865107709476315e-01
7.770116204442024666e-01
6.092201846175371999e-02
2.486454513125926913e-01
6.604787637866883498e-01
9.623643027760797608e-01
9.508228678234253994e-01
4.850341873138216964e-01
6.690586705699689274e-01
5.787711217216503501e-01
1.495004303677220092e-01
3.966408673154717679e-01
2.015742860021695337e-01
4.679766059709732084e-03
8.321768954420710740e-01
8.562960049890774306e-01
6.847082283053936846e-01
2.692779149975449426e-01
8.274546553228674384e-01
9.255717973546331301e-01
2.598327840980063086e-01
2.532935483795853981e-01
3.143200792675170940e-01
4.761627332954129765e-01
8.754195846946334347e-01
7.868565722290689068e-01
7.769710350647669461e-01
3.058491183239619993e-01
9.734416172459521288e-01
6.583076880567065858e-01
5.323706445734405213e-01
3.753857397847267796e-01
8.085645601091279167e-01
4.320902665092479777e-01
8.014828085034556571e-01
5.417007043221241380e-01
6.750970459036286231e-01
3.217382476015692161e-01
6.255436839621135725e-01
8.699035306931232059e-01
3.235245524494428926e-01
7.688074390620517340e-01
6.908054772999029369e-01
1.651928850364134949e-01
9.356197840075330951e-01
7.523872076814234200e-01
5.322435725745940927e-01
4.184960303452427421e-01
7.125691650088110674e-01
2.672770550728918448e-01
5.765232688521453042e-02
9.890752952517939400e-01
3.664042085543257610e-01
8.866964282263061214e-01
6.643344530786501334e-01
5.598270908153454295e-01
4.436863954863951576e-01
8.773666789635288232e-01
5.510465631698027167e-01
7.173413766018416071e-01
6.888272539185739118e-01
8.651692337294218937e-01
3.370295271113494806e-01
8.820914399971452324e-01
3.320690707481139814e-01
4.456298541482490161e-01
2.516844347041947150e-01
4.057275022438007195e-01
8.587862818217935068e-01
7.959888000874144609e-01
9.302990339319247015e-01
6.280193968869757226e-01
4.338946193693833941e-01
7.002990286892880889e-02
1.696415978459750173e-01
8.609264470861203167e-01
4.527369970479184214e-01
7.754469215858507125e-01
6.743923593526491844e-01
8.199261286116663050e-02
9.557914154519805416e-01
5.416334977080675683e-01
6.379045382475450054e-01
6.806660810350079194e-01
9.420754690377469709e-02
8.826210702321700408e-02
1.353233718008491938e-02
4.435706121347089415e-01
8.342571253320680835e-01
9.510555414536165930e-01
8.022630782318521669e-01
5.398565774764264580e-01
2.615609850609804665e-01
1.490838755345476330e-01
1.686753316153949134e-01
8.955321217219184282e-01
4.429094278044326538e-01
8.150815027234907806e-01
6.199834413946926359e-01
4.386571674275775434e-01
1.796272162957383567e-01
3.746445452779139651e-01
6.642180464803653095e-01
8.652694386981182317e-01
3.056961451679680586e-01
3.108095516893545351e-01
3.197654967009905952e-02
4.218937344784716159e-01
7.293650825052937492e-01
2.176931753004256453e-01
5.075867163570483287e-01
6.094827624621078632e-01
9.746954439444278917e-02
9.252606210923616237e-01
9.787899648680975506e-01
5.736202512446202384e-01
6.096934062805592358e-01
2.574265366517564102e-01
3.485263153891328403e-02
6.667364217916326163e-01
1.900435894963057801e-02
8.314823745517592180e-01
9.538919739831444033e-01
4.753887475052225309e-01
3.104208984883178868e-01
5.912786570029816557e-01
9.278400378592579489e-01
8.718714032023482385e-01
3.808803087024901779e-01
6.354291391518949172e-01
6.852866508430340842e-01
3.296726532682873745e-01
9.158798188123300488e-01
4.228821878304293014e-01
8.442803481235302554e-01
4.009851164662913137e-01
8.678410345036768891e-01
2.312968371944634505e-01
7.120399241982491301e-01
5.342695881222815357e-01
8.951791072542751859e-01
3.903529244620453365e-01
8.285842111588991310e-01
6.129240019071238166e-01
3.869176862264654404e-01
2.650361881491826097e-02
4.614591073398669474e-01
1.354418392337762046e-02
5.362174943111830405e-01
7.179692459164535023e-01
6.858777970736489038e-02
3.290824529899263329e-01
9.380321726300394625e-01
3.871638692056171560e-02
2.578753094202651530e-01
2.626019164057130564e-03
7.243929585361295054e-01
7.053402133251354122e-01
4.951043062569113751e-01
3.262597510788559640e-01
1.503599093881743398e-01
8.675870417109695643e-01
2.493378688033076329e-01
1.826803468306605338e-01
9.369277660020941534e-01
8.863792578801432676e-01
4.145462076300562848e-01
3.204486714561342042e-01
2.185921784847872085e-01
7.045962423028523380e-01
6.479204084861919233e-01
2.370698011552719864e-01
1.966165072930644783e-03
1.696771885790946677e-01
2.724284081212542544e-04
9.510926914548747391e-01
4.353368970914823222e-01
3.560249737427869654e-01
3.470478808372641777e-01
9.876402751869534091e-01
2.382133807160161099e-01
1.340677888998577927e-01
8.958488478988615444e-01
8.101563018426182206e-01
6.340218044444797529e-01
6.353769622907029513e-01
1.172783566673300665e-01
5.228796029129412215e-01
5.747480747490502084e-01
6.179258975123528286e-01
9.669466218435185390e-01
1.398656437232249639e-01
5.393411228187935391e-01
5.796798178673941981e-01
5.070856904698929357e-01
4.477500353981272996e-02
5.859999076685108027e-02
7.992482857506345573e-01
2.311236319650624982e-01
4.131839997993825286e-01
2.127813966456192363e-01
2.516861618687343261e-01
9.311753838436511721e-01
7.785306570490375666e-01
4.322300414644341671e-01
7.434484500171749666e-01
9.901514674128706339e-01
6.728115419548580389e-01
6.212284200567972370e-01
5.329125674932332357e-01
6.310224035562000955e-01
6.896470747010972069e-01
3.192964938262493613e-01
5.415219970361558888e-01
3.231899639656222734e-01
5.756713508291761983e-01
8.948068875831827196e-01
8.087843196369489673e-01
8.126012885351809878e-01
4.787356229512788608e-01
7.180004681528611155e-01
8.686784761757910811e-01
7.016391913911548261e-01
2.082324037573887454e-01
4.393171897025502926e-01
2.741732879798285949e-01
3.886635109222394413e-01
7.641619678702956664e-01
8.199946959190083096e-01
6.242581636048166738e-01
6.887924579653045276e-01
7.864820163705835698e-01
8.559466847537592349e-01
9.837596019125450786e-01
3.398066468193456369e-01
6.257239973385394505e-01
6.791971884722265429e-01
1.192921685119682600e-02
8.072265586728858411e-01
3.805264421188924162e-01
5.806303004455953820e-02
9.690441517156527240e-01
7.664012985702866043e-01
3.354593390159325006e-01
5.587767563568207807e-01
9.696555675775558880e-02
5.410881062577512779e-01
3.865359324401614755e-02
9.247585875700353730e-01
4.768251517925940486e-01
8.842983528156922457e-01
7.012865239589411992e-01
8.373648519343123153e-01
5.195061092545699699e-01
9.498797586704106344e-01
4.427273122294326235e-01
4.792436880156516477e-01
8.666452014846158791e-01
2.530049732014073571e-01
4.245254345230694004e-01
4.664951711177103832e-01
8.952903078560675576e-01
9.706316467118792923e-01
4.329868259159668775e-01
6.408650108309607019e-01
2.187319197442361141e-01
5.046497922625403643e-02
3.655930069948610805e-01
6.923602483741603253e-02
9.739113213869741159e-01
6.983476241697585962e-01
6.118249548656700121e-01
9.560027076960955772e-02
2.692434576814073943e-01
7.134577841437635959e-01
8.782705903895501320e-01
2.822747796258263109e-01
9.188977404749694156e-01
8.086424461313397316e-01
3.411778417257567142e-01
2.409973870872677004e-01
7.469198691817516833e-01
6.468795148070263790e-02
2.788274496866748886e-01
6.157708208417936868e-01
3.631582832050007231e-02
6.835521038614007505e-01
9.694600494870949658e-01
9.123298027319927395e-02
7.475701862737241798e-01
1.537945572434541164e-01
7.803842472616845383e-01
5.461109014921710081e-01
9.710718749076944212e-01
4.791807103264459355e-01
1.621221690272675875e-01
3.159147344865649298e-01
3.437410216338129265e-01
4.454177228703211089e-01
2.412373757993009349e-01
5.605255288058829111e-01
9.054731979901612382e-01
9.652722820852684960e-01
6.661863979578898087e-01
4.296348800205205265e-01
6.733526153560532856e-01
7.631845220914739159e-01
4.165917230699782148e-01
8.132689292371910739e-01
4.749002664257537809e-01
2.609994669272313050e-01
9.179315675277300857e-01
1.152364912711829198e-01
4.355474565335853976e-01
1.099139993706865596e-02
6.568397919446661293e-01
9.097766975548047252e-01
3.293444476740244320e-01
9.513411588629003823e-01
2.927967346110942337e-01
1.967630765943350069e-01
6.740078672174021346e-01
9.488367262185755102e-01
4.263418594815935325e-01
7.056382007106601906e-01
8.505666486779661639e-01
6.054881937444945850e-01
7.419391609453847014e-01
2.849374258581740538e-01
8.407093806459162155e-02
3.582061025328490689e-01
3.967341857992505716e-01
2.655740773417133646e-02
8.542576021482901627e-01
9.631145819317940004e-01
8.942253311025031293e-01
4.573760842733579079e-01
5.720904092479365266e-01
5.651527384313291824e-01
2.325791442676465315e-01
3.040855935753360439e-01
3.050109245175632311e-01
9.028633594948769492e-01
7.731513540253612260e-02
8.295904077408481347e-01
1.732427375836999017e-01
7.926802851809245931e-01
3.810645162762838489e-01
8.438818274701596067e-01
7.101145466801034312e-01
5.958043090650114726e-01
2.681023863588961886e-02
5.428181793251365406e-01
3.417520909449455191e-01
7.726910012556031937e-01
3.527776131025973649e-01
2.678271272637232636e-01
4.745547901473415320e-02
6.711220878267594447e-02
9.069195099186836417e-01
7.442864879256874677e-02
8.931941236054432576e-01
3.232947489239689220e-01
5.137965980515237785e-01
6.213254995044515949e-01
9.627781515621568476e-01
6.593469625365494524e-01
1.454999613202367093e-01
5.332432200599478422e-01
1.517371094391723463e-01
2.703332482249436453e-01
5.099743862966196195e-01
6.989892818689036336e-01
9.770332396558292221e-01
7.267500634086652145e-01
5.763645803144433755e-01
6.630278937206905976e-01
1.804124819764583443e-01
4.190174373661242901e-01
1.029863912216382599e-01
4.861019670287117789e-01
8.860066207904166991e-01
9.224054418416376411e-01
9.199162397109232892e-01
7.029255340110275307e-01
7.511106763033399414e-01
4.169900903056330543e-01
7.074386869998916527e-01
4.581640676780844301e-01
7.499678948738627282e-01
3.717689183137399822e-01
3.252528645544456309e-01
6.531746559998927726e-01
8.380256152889968835e-01
7.834502365304397697e-01
1.717719879347732459e-01
1.028414661178470198e-02
5.623559076038291416e-01
9.465267305349570059e-02
3.844310246315831292e-01
2.441319169897646080e-01
8.730132560148359255e-01
5.772290411518183895e-01
3.634229336376169905e-02
1.885482281434276985e-01
4.802218129017599146e-01
3.254993640192555548e-01
9.704646339355796347e-02
7.434834070633886682e-01
1.468094161350198823e-01
4.207198423061847548e-01
9.343635467987369825e-02
9.433383539016374497e-01
3.894723970027162974e-01
9.820165220723973132e-01
5.816756261635348535e-01
8.186959677178448080e-01
2.206377359314065645e-01
2.588026112543418411e-01
8.232329098840113213e-01
9.460741907404192075e-01
5.854243921383980309e-01
8.862900934915847184e-01
1.043741995461189287e-01
1.904464127159515019e-01
6.260093300169870811e-02
4.095882610454907313e-01
7.584836373211455429e-01
2.129336372923036069e-01
9.901112351565131142e-01
3.533463820166903302e-01
3.569103833115794822e-01
5.841478383817664266e-01
5.997182663359063026e-01
3.113301794394353617e-01
2.969032184873617308e-01
1.061952837344811995e-01
5.142241186216169879e-01
8.845204944869820007e-01
5.030956827470646209e-01
2.937180874169845538e-02
5.773027915613049288e-01
2.802396019757659798e-02
4.241878256551110393e-01
6.508293376132506802e-01
4.699664312856560722e-01
1.683064871046396904e-01
8.428276489225129398e-01
5.028392446485134837e-01
9.370019649233549686e-01
4.130560920468774322e-01
9.458725313986255934e-01
3.086817593862154485e-01
8.826794241323528967e-01
4.790744962451811695e-01
7.526148856663951447e-02
4.512658716680616189e-02
4.474400807416621939e-01
1.700643132439064870e-02
6.508028777756835748e-01
6.653380764942180559e-01
9.485912001772028868e-01
3.715525843719507115e-01
8.513516863549853708e-01
3.210376139923299399e-01
2.392202526351130676e-01
8.211584884646574434e-01
9.939011019347667730e-01
8.362903488429537235e-01
3.361063443373691340e-01
3.735317086684324939e-01
6.496916362483691199e-01
6.654952879227644669e-01
6.688140251339591558e-01
6.561648484413983295e-01
2.367533080173194471e-01
6.990702284135432709e-01
7.002803890616460247e-01
8.331024984366935948e-01
4.555844655823703127e-01
9.537598714663378940e-01
2.812117095007711232e-01
8.172759013394758076e-01
4.252224213702694988e-01
4.715495674482457211e-01
1.332280594695923470e-01
8.036770182991055389e-01
4.871529559812946553e-01
2.615194034407717916e-01
8.499193578577163288e-02
7.389610928965566483e-01
7.962614628542293849e-01
9.545396506843890627e-01
2.546199062249316913e-01
1.703864791761813546e-01
3.560098766951563243e-01
6.205908885089745919e-01
7.474925624056595330e-01
4.443158126082176196e-01
1.690329937866593413e-01
7.933544546821711396e-01
6.715730238204487001e-01
5.755288308442420009e-01
3.970106370355964698e-01
9.111053567807767539e-01
5.928631871638728734e-01
9.661941671172444845e-01
4.615369421046225940e-01
5.181801698675631007e-01
6.876794356336481950e-01
5.349364253977950678e-01
6.666814962416093282e-01
1.052958444287378503e-01
7.050489759595689957e-05
5.647149158466580054e-01
5.333319829309820514e-01
9.878267728546992199e-01
8.105188498642319495e-01
1.497380277130661574e-01
3.613456859852818837e-01
8.419758433562846145e-01
8.104491871896846167e-01
2.830622032341941763e-01
5.181794967565113152e-01
2.611064071297407585e-01
3.922022453452747581e-01
9.190943253758991280e-03
6.827735260677375573e-01
3.675269288368953058e-01
3.709280927956374874e-01
1.554969817262034579e-02
9.615330702630676685e-01
7.650017000544953039e-01
4.968391395932924559e-01
7.912006052871340955e-01
4.875072305964688324e-01
4.971780964552486859e-01
8.361849104286125378e-01
5.392656276054413195e-02
6.089747696046554637e-01
5.625944098949042793e-02
5.603581355076187043e-01
7.503129525343745776e-01
2.091408582099882063e-01
5.138662613175738469e-01
1.091553849994496977e-02
6.249094767878818901e-01
6.782671300270981529e-01
3.413699172506951540e-01
1.241022550830444132e-01
8.051562425970887338e-01
8.579136499150765705e-01
7.690648444675823869e-01
5.606974253482217563e-01
9.455702070910698698e-01
1.606645328411099582e-01
2.908876965879217749e-02
7.183761397878197785e-01
9.605201882928370294e-01
3.751655625326438814e-01
2.843779729270065060e-01
1.084155658909851661e-01
9.485308186721633783e-01
9.969465849410346081e-01
5.862366011200230709e-01
3.834082145220841786e-01
9.228880028416190928e-01
6.004982598876212885e-01
8.463444012290758378e-01
5.016971433183816664e-01
4.416324461249273026e-01
2.443030044520739241e-01
5.142996955799892245e-01
1.690461354699512586e-01
6.971253237205922160e-01
6.455776985861043649e-01
2.775730243931919805e-01
3.425042155518810416e-01
7.893137204151449149e-01
8.082379225035862813e-01
2.430804280640895820e-01
4.062176295312019403e-01
2.562719909316127712e-02
7.371444435214792590e-02
1.436527224531018992e-04
9.559677812336990765e-01
9.246487700719565606e-01
3.106319966459932247e-01
6.022545252772417701e-01
4.293760249678212904e-01
9.628739960357588501e-01
2.795425122154002184e-01
5.581395211678161772e-01
3.132394635396763549e-01
7.404281765185942721e-01
1.827137754641582346e-01
9.756390880154401646e-02
4.059099560679625407e-01
8.465576780428553105e-01
3.522698391637679172e-01
2.855479688749194556e-01
8.534515297934935907e-02
8.754895151560421196e-01
7.274417697452599807e-01
9.219287040597196059e-01
7.255003194850143666e-01
2.073761919438593671e-01
3.111431098400611606e-01
7.918729655459559591e-02
3.832614656854848034e-01
9.679916855446643598e-02
8.860165585311730041e-01
2.057248751136194764e-01
4.315730533864124419e-01
9.812678105536641882e-01
4.680737929494666050e-01
8.928294170718040768e-01
8.859376284080049402e-01
3.432743618567469790e-01
3.328069058074785147e-01
7.333651214425879195e-01
3.226156015824562795e-01
4.069567223506382891e-01
2.837938284389851518e-01
8.920036276194509561e-01
5.229945470590907641e-01
6.745748023319959596e-01
2.097856828553639197e-01
8.888875400900888568e-01
2.863133573890606076e-01
5.739618791387870456e-01
5.933118593976481614e-02
2.680415467058029355e-01
7.951554511282548088e-01
3.863455693540641667e-01
6.077270938740833017e-01
2.060070988029770178e-01
7.952754461048585632e-01
8.411116606041880717e-01
6.918244996223915644e-02
7.450060084650462766e-01
9.154938230087271700e-01
4.206402565683999839e-01
6.318473557410068109e-01
7.851947524468104733e-01
5.779146302483398889e-01
8.353447731620518013e-01
5.141656930106482948e-01
1.179662832023633395e-01
2.024683821737884859e-01
8.338902073819725036e-01
1.414683675102882676e-01
1.346434055746423830e-01
7.634048028237360173e-01
6.616216951752537656e-02
4.236235194389698644e-01
2.585235671747723382e-02
7.570432645978301123e-01
6.810567339173698720e-01
5.159316237094300206e-01
8.270816318146246848e-01
7.601311596797341030e-01
8.666811410261767712e-01
5.930004660940995098e-01
2.430773196924845281e-01
1.838727878258872850e-01
7.997461390744459164e-01
9.179894584958316894e-01
3.117117561468391584e-01
3.719427275820162970e-01
8.792995958668401446e-01
3.774376910844746136e-01
7.177199214221486878e-01
4.589903784853771040e-01
7.307126556607503876e-01
5.749469683920865881e-01
4.379374953861055464e-01
7.446844566037984503e-01
3.537028660061987129e-01
2.536052747022442544e-01
9.130070775493123181e-01
6.079047626717322128e-01
1.121288881265918719e-01
1.011243619326602922e-01
8.094651405044185344e-01
2.454768114087214625e-01
3.211347996408595029e-01
2.539732563275164945e-01
6.079761391737255050e-01
3.472101834368441775e-01
7.363532403144444627e-02
3.081122612381363701e-02
8.975346331988695026e-01
2.446295834504855493e-01
4.242997514264314485e-01
4.885049514932953696e-01
1.933169942231321992e-01
1.448804446105716737e-01
4.766847979934805135e-01
9.951300550461995575e-01
6.435077167676138410e-02
4.921350483263758346e-01
2.402630803917613911e-01
7.189029895554438498e-01
5.589782190995514766e-01
2.490993088580746931e-02
3.131539125907228382e-01
1.432183711696195239e-01
6.033614414327369974e-02
1.415825959358349775e-02
9.923182532118414167e-01
5.089831988558302101e-01
1.051599383559485568e-01
3.419840292660595304e-01
9.884965171223237812e-01
6.415563944304515376e-01
4.788552877494338667e-01
5.446914219354853648e-01
5.828626854741648933e-02
4.911950843415854306e-01
7.738755383726135806e-01
8.288996230343217420e-01
9.290442502324590679e-01
3.519309123197272293e-01
6.354912671876761232e-01
4.670041316450374569e-01
6.157712844485707659e-01
4.928601850655998651e-01
1.006681237107193705e-01
2.982524845521978274e-01
2.868822995434444981e-02
2.126878812456466927e-01
9.530168530650253711e-01
6.355882724578559850e-01
1.838200029616141595e-01
4.029276929040596644e-01
8.904233541538454644e-02
6.021966582705585713e-01
8.479828229930029548e-02
8.570433393314039749e-01
6.539356907127467089e-01
2.347218221184753373e-01
6.339336695845273484e-01
6.001922550413948260e-02
5.065688088483711882e-01
7.248376124506128448e-01
9.971771570283158859e-01
1.240861814753272119e-01
3.537342961423176058e-01
8.973532569693568606e-01
6.877590763200812640e-01
3.304011683297337632e-01
2.851571237814433668e-01
1.593703301224558833e-01
6.764660120409402011e-02
7.111814410900310079e-01
1.790455221675095188e-01
1.842372653570873223e-02
6.949434999728153484e-01
9.395108332963406639e-01
6.712790200057490164e-01
7.508679031240143020e-01
6.058680104286802148e-01
2.325574670641808450e-01
3.104242936160317087e-02
9.971892141616369720e-01
2.977957684198119237e-01
9.021854352871480631e-02
4.605899184127385526e-01
5.814171013366017382e-01
7.050802947488676864e-01
7.272724068238544115e-01
3.520740289759377029e-01
6.523547969902047106e-01
5.561918474794101952e-01
8.296737107387169852e-01
3.890968817322211781e-01
5.078535871026407245e-01
8.384431258054932945e-01
5.882686185123137124e-01
3.420122587866231689e-01
4.355092010694477378e-01
7.318118011516129284e-01
7.435048340890748619e-01
2.933923115604408771e-01
7.092387225795627748e-01
4.449801792273583301e-02
6.318069460773260149e-01
4.411293891486790519e-01
1.977543289529373194e-01
2.608511101782026165e-01
8.753586151035830376e-02
8.784007774599170704e-01
1.973010786713194353e-01
4.126958896175184632e-01
8.005250069028092552e-01
3.167407432680246354e-02
5.962078024558268435e-02
6.005521678692624099e-02
4.357058764635844961e-01
3.155871741695154831e-01
9.321544269545876116e-01
2.595553203610347359e-01
1.137595558452696026e-01
5.353589577370204688e-01
3.067303477409805135e-01
7.064639960185483680e-01
8.281366305448967235e-01
7.331319151462089012e-01
5.891545937362033802e-01
1.175347246238768982e-02
1.168219411301069230e-03
8.224032410619497302e-01
5.824553004952568586e-02
6.386464171207196783e-01
1.150794482232147253e-01
8.579692908114060490e-01
7.604694315064804144e-02
1.490787039454412044e-01
4.041661635672538777e-01
8.866663945631658716e-01
7.538285706036897960e-01
9.378111444066929980e-01
7.986414171077393931e-02
3.948645920614720639e-01
7.423824543946729859e-01
2.206166591988164838e-01
2.205540521005202800e-02
4.349369681806068977e-01
9.897366000916884010e-01
1.627134718083817211e-01
6.589485771303320583e-01
9.144062022073091711e-01
4.564626584059411907e-01
7.913868681005071792e-01
4.285506370530845488e-01
7.275855959005173013e-01
9.838281842552684120e-01
7.436382173717165367e-01
3.225700255100383829e-01
2.035062592003258619e-01
2.441946254262430116e-01
8.234267747099042190e-01
6.106554612616671429e-01
8.218282593446779583e-01
4.277471830289791832e-01
8.140092392740471139e-01
5.211758672203591347e-01
1.503081268287479455e-01
8.427981030201900925e-01
4.302106146565000122e-01
4.451949669362110229e-01
3.607789941425750824e-01
4.904168529662355502e-01
2.537361942682543892e-01
5.943304677393516089e-01
5.161039876116629843e-01
9.927704528302613296e-01
5.829077006750218448e-01
5.859113773195330221e-01
9.036487451851076269e-01
4.160808892753579125e-01
1.022421856110368871e-01
6.040716795989911070e-01
1.586076283917150220e-01
2.508221319839381014e-01
9.127372207346814981e-02
7.007503758501081315e-01
6.336364948154350474e-01
6.811331616878980588e-01
8.846259043093155361e-01
1.686600422477065875e-01
6.944170408772424308e-01
1.855543329891602977e-01
2.131414529166689720e-01
5.454879628433810801e-01
1.291102068015778093e-01
4.937282749263934706e-02
3.385582359592541057e-01
3.207037409633261560e-01
6.330054220577753243e-01
8.105238975437893956e-01
8.731459856826211396e-01
1.752208017192918299e-01
2.906994492657435925e-01
4.378741669882103005e-01
3.070579063701405209e-01
9.084752610840227671e-01
4.375395457316308967e-01
8.611138703884808621e-01
4.213590682599902548e-01
9.092344306466897119e-02
1.195704736820834939e-02
7.307709778679282175e-01
1.002676158752387053e-01
4.593625237704730968e-01
9.791424842602283185e-01
6.956933775159309663e-01
1.824131501174597325e-01
7.985841554303166889e-01
3.176381764463498403e-01
7.029873138365518859e-01
3.765207505847422143e-01
6.966479970376882047e-02
8.243837091661586347e-02
9.072966073929464859e-01
8.040503429179873818e-01
5.798493518296975457e-01
4.622378026801362005e-01
6.948785703492356136e-01
6.453268344755970221e-01
6.550574587106157143e-01
2.893203116119589247e-01
1.134514610754524117e-01
6.361216220424334988e-01
3.854338004705643028e-02
4.966619381025136337e-01
7.201694444047704868e-01
5.402880429670552376e-01
3.338370345394527927e-01
2.001058624502754235e-01
6.414922264616347292e-01
3.154932005806306006e-02
8.037684661944298758e-01
1.047244435801713419e-01
7.645451484751277782e-01
3.845981032742528116e-01
9.764648227125971580e-01
3.210193646467378037e-01
7.577791194323937884e-02
1.496207863194440602e-01
6.277736533171725253e-02
6.394143392410635007e-01
4.792203001747483149e-01
4.593742982267891573e-01
1.999490418042596668e-02
6.024885883822114069e-02
6.956494977896751086e-01
4.346158072096999191e-04
3.667879009179936811e-01
1.678344368699718481e-01
3.660498301616153805e-02
1.443066037314887085e-01
9.807521927345019819e-01
6.748189649234361820e-01
3.907686855889019872e-01
7.387155674848214781e-01
8.904435396904102351e-01
4.480758117254405315e-01
7.667529316087919877e-01
8.823196725001782870e-01
4.403413847280385207e-01
5.419665760435781188e-01
2.865601238473120538e-01
3.526804217038043143e-01
9.451438825224165452e-01
8.472702163030783051e-01
3.582441757212456168e-01
4.557551601896885907e-01
7.006744456400458843e-01
7.986184335365879849e-02
2.772789722448766314e-01
6.381924598989788810e-01
8.850432886639316710e-01
3.556897120443243687e-01
5.128370079671878967e-01
8.760787872444870672e-01
6.370075144717061155e-01
2.725803970669229276e-02
1.015346765632053477e-01
4.997183359063536723e-01
9.543397385648223485e-01
5.817360648213685259e-01
8.539761456458297983e-01
8.552624879277846981e-01
4.190829685541769822e-01
5.762341586399722937e-01
5.517340325162261028e-01
4.391594966643666553e-01
9.431018977138870829e-01
5.620649953604822668e-01
5.318464804272937663e-01
3.853892557095196514e-01
8.498469029676912756e-01
2.420513396113686821e-01
3.143828416105964862e-01
8.767885114833626758e-01
7.298709805101173398e-01
2.419175027201938555e-01
3.726876106034172215e-02
8.327864941236241547e-01
4.751030512230946523e-01
2.060337255756904129e-01
8.978204242905525323e-01
9.760010963309002641e-01
4.066215036158312146e-01
2.551427663522580769e-01
8.519159909849205459e-02
4.052074282440706887e-01
5.098030272549450848e-01
8.067870012727650086e-02
6.167046481343400055e-01
8.205895905659487122e-01
7.583194150875592898e-01
7.097639658374159666e-01
2.071244590998661539e-01
6.684473679799423085e-01
4.912615967737070100e-01
6.736737010481271826e-01
7.754145594444580292e-01
6.514537055851506997e-01
9.883607931622183373e-02
7.431636896966636874e-01
8.523685392699515972e-01
7.625965960241303243e-01
2.236512875700724101e-01
3.347128581583541096e-01
2.777688906770980348e-01
5.620375438700384585e-01
1.108510174568314161e-01
2.110341979096453380e-01
8.095264200195992910e-01
2.586034575284656967e-02
8.665283749406338387e-01
1.414648883229883414e-01
2.125963760006421011e-01
8.081870528499940365e-01
6.537155361698728795e-01
5.464631554458111440e-01
4.905491896218362458e-01
1.628735711129565035e-03
8.500376028230516301e-01
9.028504582658244404e-01
2.698817657943831660e-01
2.191495521537866267e-02
3.755400138697951307e-01
3.132474680962369362e-01
3.973189000800453341e-01
8.963296536316540664e-01
8.825002022689061310e-01
3.695219345295849833e-01
8.030754287538969249e-01
4.363690058411761052e-01
1.588995420538794612e-01
5.180737943490036634e-02
8.647715257039969572e-01
1.063637770308274444e-01
7.449140849613443693e-01
9.229178264128390374e-01
4.985781683323680102e-01
5.151300942116830983e-01
4.029328500133829705e-01
9.693711125323013489e-01
9.320080183592606149e-01
3.057987082062645912e-01
8.672610763894260666e-01
3.627787203672093175e-01
6.817108170965210379e-01
6.123192709564450054e-01
4.193051871119106155e-01
1.843565378358544560e-01
4.661226481087331619e-01
8.605529601243929738e-01
4.798207056820096850e-01
6.603587178950224290e-01
5.859873168216463840e-02
5.586737109032344772e-01
3.317125506598370133e-01
6.954208498430627938e-02
7.183073268417909940e-01
7.067974568911457034e-01
6.031294334056321871e-01
4.668065526635370444e-01
1.633336861307433108e-01
1.290652188735306183e-01
5.383197622272728466e-01
3.491191317455953902e-01
6.139413117697590794e-01
1.922766408529378857e-01
9.233726579896920361e-01
5.898245720435630300e-03
7.384789988927399351e-01
2.274618894957582960e-01
9.837233194412656756e-01
4.295971307436941000e-01
4.486646779082964498e-01
5.235692143143257926e-01
7.430576326857109282e-02
2.820192285022430911e-01
2.492802302447744978e-01
4.403084613874076458e-01
8.546936415927905428e-02
1.648438094932536124e-01
8.495622093989056989e-01
8.029070535197039282e-01
4.313132526346931672e-01
1.505544798470875023e-01
3.419796195348584478e-02
3.906973484139752428e-01
9.983905413296823017e-01
1.604471609714713531e-01
1.260722974492345383e-01
8.945258518318349727e-01
9.187087374005038498e-01
3.540095545072350358e-01
6.741575113297341160e-01
7.062011836674039200e-01
1.665324515763179636e-01
2.090978580864200909e-01
6.662291900812169487e-01
7.864057713540851813e-01
1.704988059931977218e-01
2.460829330089048250e-01
2.978971059050248837e-01
4.043079075941045097e-01
5.836255768470034466e-01
1.805206511807249184e-02
5.003017121682881152e-01
7.650570568734191834e-01
5.868417045062212373e-02
4.509926420721917517e-01
6.008613884567981511e-01
8.675492892669135758e-02
7.049268719376796666e-01
1.896469522224685789e-01
4.221388497678801865e-01
9.886189754190117807e-01
5.275422407146722614e-01
1.077805495921187739e-01
1.588936072821353906e-01
1.062244319430008105e-01
6.054096512865758672e-01
1.080978370420510037e-01
4.207794843257547379e-01
9.073673279789387092e-01
4.748934755467223434e-01
5.452216143442211588e-02
6.557718613778254491e-02
6.706648016895112585e-01
9.917391624918659998e-01
2.305715203020192450e-01
6.920937837426234529e-02
2.976364841993755367e-02
6.578340457232122462e-01
3.578536488236185309e-01
4.121433756199369691e-01
1.323716068281620140e-01
6.360664083091923660e-01
5.131514446529977791e-02
1.782373732570203748e-02
4.907000127845981968e-02
9.577202146300166363e-02
9.939638011839201370e-01
4.082264455124154368e-01
7.643608653890473503e-01
9.858408793484259025e-01
5.659658395998021785e-01
6.561958974616944884e-01
1.085293288408111373e-01
1.677664383763130818e-01
7.906083180301863578e-02
8.863324569342616588e-01
7.929119102230681726e-01
9.095051954499745461e-01
5.580188496616916849e-01
4.077632896504624904e-01
1.624006879325908259e-01
9.600081768148066574e-01
6.890696466222017147e-01
4.716280034127865450e-01
8.610553094237817229e-01
2.567899437309433819e-01
7.319445908469942585e-01
7.605319551421380053e-01
1.245496147832864386e-01
6.524303972822081965e-01
2.262434676451588189e-01
1.583909076188050324e-01
4.982651193227843334e-01
4.546618918931904507e-01
1.070576555650602779e-02
8.141102529878017080e-01
2.027020666282397798e-01
8.144554986729771739e-01
7.102789798062317805e-01
6.624744509652421565e-01
4.965775408460205154e-01
6.890905656505094679e-02
5.778055548569500655e-01
5.363574094578843487e-01
1.041268867416609706e-01
3.824232880624032216e-01
3.115971916502850714e-02
5.584556748786883018e-01
1.951196110092004998e-01
1.392717433353344858e-01
9.346074291516324184e-01
8.603730414628050216e-01
3.343135109958845358e-02
2.102927533368693092e-01
9.826223420846300627e-01
1.186372643653110237e-01
2.904244159585201990e-01
1.249152619563528160e-01
1.636841248554919137e-01
8.089409301880582381e-01
8.147537237882639116e-02
9.550414727092166878e-01
9.621780832146494822e-01
6.293401023410989392e-01
9.803888376038655261e-01
1.575947167247998826e-01
8.279754275679191977e-01
6.016992460795766995e-01
7.847293102767977091e-01
3.097356087091698296e-01
6.302694656594830525e-01
2.159726115607803754e-01
8.180896920109163029e-01
3.257373661241019791e-01
3.014324555939485450e-01
7.198611930363681966e-01
3.633763208834684399e-01
8.649291499347623313e-01
7.032210172036068574e-01
7.007416356629969645e-01
7.410620641972720524e-01
5.719138584482160587e-02
2.769390055822930075e-01
8.278540239913378951e-02
6.975781304034454067e-01
4.866928558526885662e-01
9.538562332472534377e-01
6.591244252733429176e-01
2.354614470605277954e-01
3.863219844265260994e-01
9.178581231683496933e-01
9.261333306037108359e-01
4.085047683054756629e-01
5.700356408236835204e-01
6.924145024332202525e-02
9.661974874056480367e-01
4.306642611421414024e-01
4.493778292955008524e-01
1.547428620408391187e-01
4.038740234247983341e-01
1.908302504877895656e-01
6.798610506564162215e-01
5.222328718317401780e-02
8.381852586077477296e-01
5.162988513624798825e-01
3.880644816520160689e-01
1.478217756126522509e-01
9.583007254688892251e-01
2.805853703576103308e-01
1.693144391259432668e-01
2.841989606402882673e-01
8.365670615565530266e-01
5.556597998793353366e-01
3.289406654581160661e-01
3.947655354253648552e-01
8.767306892906073790e-02
6.496509979255277178e-01
5.173842364865544052e-01
9.955832818522842853e-01
4.862591367327237513e-01
9.452626824297124530e-01
3.231637005054556200e-01
1.564830433333912751e-01
9.141229117661490156e-01
5.000000000000000000e-01
4.581531779019161199e-01
6.750023789513229788e-01
1.268366623964098383e-01
3.752587663332878076e-01
1.252001023668251611e-01
1.050714827687741076e-01
2.040300476996539381e-01
7.944289079769195627e-01
1.515027984582842553e-02
1.349270681764638824e-01
8.141228272786006359e-01
6.826338661204987002e-01
5.713035412806132668e-02
8.104697439167573014e-01
6.446717277801112811e-01
1.607972995436425245e-01
3.476750763765812935e-01
3.115821655328460116e-01
2.138453369639680135e-01
7.298244472513695236e-01
2.502254215592941700e-01
1.438565055578162888e-01
4.455555502623957942e-01
9.615812753868754337e-01
9.307404354602087926e-01
2.972298619834891076e-01
2.320038200847109044e-01
8.479772179862364867e-01
8.204045103564283625e-02
7.059518980193421056e-01
1.563510269595575486e-01
8.169391797296441382e-01
6.419056490710347562e-01
2.698064325988536738e-01
1.056691895524137365e-01
7.806479029191485397e-01
2.201332551732283482e-01
7.580269084126229906e-01
2.013331816131328639e-02
2.648792972214844554e-01
6.309490388488750989e-01
9.926174166276637845e-01
5.431867553751823507e-01
9.863617603145009571e-01
5.996091574206650066e-01
7.059638741679655771e-01
5.483409189849237642e-01
9.312835936399107561e-01
1.917432363266296722e-02
7.516424668256636021e-01
3.750385083076167581e-01
4.600377338021447438e-01
3.547807013546553367e-01
1.230430252447483747e-01
7.872461613068025832e-01
9.512892568203744625e-01
3.770939459380157621e-01
5.705871267532522939e-01
5.335615089277007117e-01
4.460196690689651189e-01
1.465803243599642092e-01
6.880823631319599176e-01
3.818405660426516524e-01
9.378789193336457553e-01
6.871264259467440016e-01
1.672688409040256341e-01
8.861949152749118985e-01
4.450440087740008543e-01
9.531850542444262331e-01
7.371084769134600423e-01
2.620630780094117540e-01
