N 300 T 150 iteration 0
[-286.95050275 -286.91080147 -286.87454564 -286.84330287 -286.81418531
 -286.78949506 -286.76889868 -286.75378988 -286.7412267  -286.73211998
 -286.72724553 -286.72661669 -286.72931851 -286.73432164]
N 300 T 150 iteration 1
[-285.63833089 -285.59934627 -285.5662999  -285.53775636 -285.51355672
 -285.49524798 -285.48080999 -285.47062071 -285.46475712 -285.46336326
 -285.46628813 -285.47396727 -285.48523045 -285.50028956]
N 300 T 150 iteration 2
[-285.75025809 -285.72402073 -285.70147739 -285.68168554 -285.66733042
 -285.65600815 -285.64871401 -285.64341505 -285.64327162 -285.64658962
 -285.65421478 -285.66555119 -285.68161821 -285.70369329]
N 300 T 150 iteration 3
[-285.92526787 -285.90041341 -285.87962237 -285.86349032 -285.85178854
 -285.84468634 -285.84172296 -285.84200038 -285.84520592 -285.85407244
 -285.86771177 -285.88375125 -285.90336583 -285.92630843]
N 300 T 150 iteration 4
[-285.54030488 -285.5100394  -285.4840696  -285.46029028 -285.44056196
 -285.42445657 -285.41109769 -285.40163483 -285.3963519  -285.39442316
 -285.39434228 -285.397787   -285.40483658 -285.41542768]
N 300 T 150 iteration 5
[-286.37403551 -286.32337981 -286.27687923 -286.23396142 -286.19502678
 -286.1598031  -286.12863296 -286.10051954 -286.07379133 -286.05106467
 -286.03383012 -286.02010376 -286.00982696 -286.00248846]
N 300 T 150 iteration 6
[-286.63281427 -286.58222221 -286.53680554 -286.49499061 -286.45495857
 -286.41943527 -286.38870864 -286.36133977 -286.33748416 -286.31744821
 -286.30139834 -286.28849808 -286.27920264 -286.27376557]
N 300 T 150 iteration 7
[-285.56069647 -285.54972321 -285.54293444 -285.53844947 -285.53625631
 -285.53587616 -285.53913636 -285.54807975 -285.55948104 -285.57556232
 -285.59572802 -285.61963002 -285.64649326 -285.67738631]
N 300 T 150 iteration 8
[-285.50064176 -285.47067818 -285.44218854 -285.41614344 -285.3942899
 -285.37376224 -285.35738217 -285.34513852 -285.33593997 -285.33113407
 -285.32893619 -285.32846261 -285.33308447 -285.34313559]
N 300 T 150 iteration 9
[-285.73662666 -285.70928149 -285.68646363 -285.66670979 -285.65155187
 -285.64159577 -285.63595342 -285.63342064 -285.63395132 -285.63705648
 -285.64373869 -285.654565   -285.66899033 -285.68707544]
N 300 T 150 iteration 10
[-286.02082027 -286.00840522 -286.00284117 -286.002073   -286.00587532
 -286.0128792  -286.02359072 -286.03711041 -286.05441489 -286.07533038
 -286.10017935 -286.12756699 -286.15479352 -286.18340871]
N 300 T 150 iteration 11
[-286.88005485 -286.84273046 -286.80928211 -286.77817982 -286.7519997
 -286.72695342 -286.70648255 -286.68969784 -286.67671513 -286.66950138
 -286.66573631 -286.66540618 -286.66925856 -286.67622136]
N 300 T 150 iteration 12
[-285.31625475 -285.27967323 -285.2458769  -285.21509762 -285.18844546
 -285.1654051  -285.14757433 -285.13436    -285.12461127 -285.11893527
 -285.11823857 -285.12101257 -285.12681197 -285.13661837]
N 300 T 150 iteration 13
[-285.75201158 -285.73655195 -285.72244731 -285.71318188 -285.71052941
 -285.71106505 -285.71369342 -285.71921163 -285.72618437 -285.73827974
 -285.75337488 -285.77108539 -285.79420588 -285.82275411]
N 300 T 150 iteration 14
[-285.93128375 -285.89731591 -285.86849318 -285.84384842 -285.82293059
 -285.80455163 -285.78986228 -285.77917703 -285.77306672 -285.77184953
 -285.77362167 -285.77906453 -285.7887868  -285.80221197]
N 300 T 150 iteration 15
[-284.3215815  -284.31477934 -284.31212931 -284.31107565 -284.3141528
 -284.31950607 -284.3288257  -284.34242328 -284.35915858 -284.37945457
 -284.40179676 -284.42922462 -284.4598093  -284.49226924]
N 300 T 150 iteration 16
[-286.54054361 -286.50330871 -286.47031966 -286.44174261 -286.41765087
 -286.39690682 -286.37955618 -286.36550401 -286.35615193 -286.35201093
 -286.35235897 -286.35602049 -286.36466362 -286.37724246]
N 300 T 150 iteration 17
[-286.05564189 -286.01410658 -285.9783571  -285.94719817 -285.91939374
 -285.89483655 -285.87485301 -285.85783974 -285.84516664 -285.83692222
 -285.83330652 -285.83307101 -285.83612449 -285.84179118]
N 300 T 150 iteration 18
[-285.83506524 -285.80699409 -285.78186885 -285.75948033 -285.74176685
 -285.72757862 -285.71823639 -285.71275305 -285.71082846 -285.7126802
 -285.71868554 -285.72757123 -285.73898827 -285.75320582]
N 300 T 150 iteration 19
[-285.81953503 -285.79357831 -285.77057477 -285.75093068 -285.73549763
 -285.724655   -285.71670345 -285.71186778 -285.71171632 -285.71535761
 -285.72070838 -285.72777208 -285.73870596 -285.75402295]
N 300 T 150 iteration 20
[-286.32923791 -286.29044201 -286.25575473 -286.22386934 -286.19579511
 -286.17195455 -286.15192885 -286.13736014 -286.12673024 -286.12135825
 -286.12041293 -286.12526831 -286.13171226 -286.14094825]
N 300 T 150 iteration 21
[-285.64357167 -285.60304861 -285.5651303  -285.53236974 -285.50470613
 -285.48057812 -285.45871614 -285.44163097 -285.42976514 -285.42157672
 -285.41841294 -285.4195588  -285.42521308 -285.43527454]
N 300 T 150 iteration 22
[-286.47029488 -286.42361559 -286.38160982 -286.3432574  -286.30944272
 -286.28059576 -286.25512053 -286.23324436 -286.21572447 -286.20166815
 -286.19261296 -286.18865317 -286.19025986 -286.19448296]
N 300 T 150 iteration 23
[-286.04000074 -286.01113062 -285.98545002 -285.96341406 -285.94376979
 -285.92765755 -285.91707011 -285.91031847 -285.90622106 -285.90578737
 -285.90910322 -285.9158937  -285.9265649  -285.94067418]
N 300 T 150 iteration 24
[-285.25061448 -285.22211633 -285.19728242 -285.17880272 -285.16405551
 -285.15333204 -285.14680294 -285.14344336 -285.14385693 -285.14883496
 -285.15765139 -285.17218124 -285.19041871 -285.2133939 ]
N 300 T 150 iteration 25
[-286.05484665 -286.03249116 -286.0153997  -286.00346611 -285.99378619
 -285.98862518 -285.98736293 -285.98922862 -285.99351726 -286.0009981
 -286.01296192 -286.03134235 -286.05432387 -286.08012694]
N 300 T 150 iteration 26
[-286.81713227 -286.76036221 -286.71099354 -286.66626851 -286.62451182
 -286.58650374 -286.55137097 -286.52104351 -286.4980229  -286.47758041
 -286.460665   -286.44715074 -286.43718619 -286.43095037]
N 300 T 150 iteration 27
[-285.72592581 -285.68653468 -285.65122253 -285.61924927 -285.59119912
 -285.56712277 -285.54713875 -285.53134189 -285.52116733 -285.51522229
 -285.51364767 -285.51579671 -285.52086595 -285.53063998]
N 300 T 150 iteration 28
[-286.3559309  -286.32552693 -286.29879974 -286.2785413  -286.26154221
 -286.24832847 -286.24080492 -286.23806125 -286.23935662 -286.24470766
 -286.25497097 -286.26908609 -286.28655184 -286.30797902]
N 300 T 150 iteration 29
[-286.64846539 -286.60749769 -286.57193726 -286.54118586 -286.51149035
 -286.48480309 -286.46287785 -286.44474887 -286.42824416 -286.41545403
 -286.40622474 -286.40135636 -286.40052479 -286.40407833]
N 300 T 150 iteration 30
[-285.30994485 -285.29938314 -285.29135316 -285.28850033 -285.28869483
 -285.29184369 -285.29969525 -285.31078232 -285.32585794 -285.34392088
 -285.36350759 -285.38665408 -285.41254546 -285.44208783]
N 300 T 150 iteration 31
[-285.31987171 -285.29182889 -285.26811014 -285.2497457  -285.23682442
 -285.22871052 -285.22535334 -285.22461037 -285.22709912 -285.2325036
 -285.24236592 -285.25659406 -285.2742321  -285.2964031 ]
N 300 T 150 iteration 32
[-285.9500541  -285.91998032 -285.89548416 -285.87351167 -285.85433321
 -285.83766344 -285.82574493 -285.817716   -285.81186245 -285.81130822
 -285.81321157 -285.81973497 -285.82882607 -285.84279981]
N 300 T 150 iteration 33
[-285.90796201 -285.88394911 -285.86391589 -285.84774319 -285.83416633
 -285.82366624 -285.81647815 -285.81327444 -285.81301284 -285.81732025
 -285.8256827  -285.83704728 -285.8518139  -285.86936277]
N 300 T 150 iteration 34
[-285.90918634 -285.89909487 -285.88907534 -285.88037432 -285.87564162
 -285.87493277 -285.87830474 -285.88637017 -285.89805296 -285.91353108
 -285.9346167  -285.95764424 -285.98382034 -286.01355392]
N 300 T 150 iteration 35
[-286.166166   -286.13535993 -286.107638   -286.08284061 -286.06248368
 -286.04561368 -286.03311699 -286.02495359 -286.02220327 -286.0221477
 -286.02652664 -286.03310973 -286.04429039 -286.06046644]
N 300 T 150 iteration 36
[-286.34245789 -286.30383453 -286.26754093 -286.2350409  -286.2067519
 -286.18320598 -286.16326133 -286.146099   -286.13429356 -286.12666685
 -286.12197728 -286.12208743 -286.12502148 -286.13128264]
N 300 T 150 iteration 37
[-286.4274734  -286.39743833 -286.37014501 -286.34583073 -286.32600317
 -286.30994385 -286.29741615 -286.28981067 -286.28546324 -286.28524944
 -286.2897354  -286.29725729 -286.30798527 -286.32206998]
N 300 T 150 iteration 38
[-286.7057808  -286.64469691 -286.58888021 -286.53546133 -286.48650245
 -286.4421076  -286.40168207 -286.36608962 -286.3356793  -286.30809655
 -286.2850545  -286.2666948  -286.25206434 -286.24234304]
N 300 T 150 iteration 39
[-286.22479895 -286.1984021  -286.17518215 -286.15486185 -286.13821137
 -286.12493293 -286.11580239 -286.11080861 -286.11024423 -286.11290219
 -286.11690424 -286.1254419  -286.13908904 -286.1568105 ]
N 300 T 150 iteration 40
[-286.14735667 -286.10212715 -286.06302134 -286.02862358 -285.99786184
 -285.97020355 -285.94723803 -285.92678824 -285.90858644 -285.89519232
 -285.88489779 -285.87835734 -285.87274409 -285.86992675]
N 300 T 150 iteration 41
[-286.16831313 -286.12521231 -286.08580951 -286.05052745 -286.01903152
 -285.99203319 -285.96848142 -285.94906948 -285.93310017 -285.9216056
 -285.9140812  -285.91016951 -285.90999632 -285.91362337]
N 300 T 150 iteration 42
[-286.35611822 -286.30476151 -286.25772744 -286.21670189 -286.17934079
 -286.1450378  -286.11275961 -286.0831962  -286.05750283 -286.03589422
 -286.01920189 -286.00498587 -285.99554217 -285.98954437]
N 300 T 150 iteration 43
[-285.97065122 -285.95187183 -285.93694524 -285.92580128 -285.91873978
 -285.91820584 -285.92142787 -285.9296861  -285.94090763 -285.9548177
 -285.97151644 -285.99238125 -286.01800812 -286.04669196]
N 300 T 150 iteration 44
[-286.50632957 -286.45892182 -286.4162015  -286.37662571 -286.34091752
 -286.30943809 -286.28207598 -286.25979414 -286.24259191 -286.22804211
 -286.21682862 -286.21107775 -286.20954292 -286.21186477]
N 300 T 150 iteration 45
[-286.04515291 -286.01908799 -285.99866386 -285.98026411 -285.96775285
 -285.95892151 -285.95266265 -285.95012867 -285.95144851 -285.95633734
 -285.96544546 -285.97838564 -285.99628375 -286.01675667]
N 300 T 150 iteration 46
[-286.67955668 -286.63418068 -286.59180639 -286.55463852 -286.52207471
 -286.49399998 -286.4705617  -286.44921076 -286.43299728 -286.42073911
 -286.4116075  -286.406778   -286.40509223 -286.40767724]
N 300 T 150 iteration 47
[-286.05568768 -286.02887213 -286.00495695 -285.98614784 -285.97305342
 -285.96028837 -285.95161168 -285.9479817  -285.94821684 -285.95191628
 -285.96002149 -285.97183904 -285.98442323 -286.00065106]
N 300 T 150 iteration 48
[-287.17298715 -287.12419257 -287.07949954 -287.03859758 -287.00259693
 -286.96992134 -286.94095572 -286.91731729 -286.89702094 -286.8805766
 -286.86845096 -286.86052291 -286.85614141 -286.85497656]
N 300 T 150 iteration 49
[-284.96208285 -284.94477036 -284.93022824 -284.92046956 -284.91458062
 -284.91289376 -284.91536198 -284.9222515  -284.93379451 -284.94857825
 -284.96595024 -284.9854097  -285.00892609 -285.03473499]
[ 0.75  0.69  0.66  0.6   0.72  0.81  0.81  0.57  0.75  0.63  0.51  0.75
  0.72  0.54  0.69  0.51  0.69  0.75  0.66  0.66  0.72  0.72  0.75  0.69
  0.63  0.6   0.81  0.72  0.63  0.78  0.51  0.63  0.69  0.66  0.57  0.69
  0.72  0.69  0.81  0.66  0.81  0.78  0.81  0.57  0.78  0.63  0.78  0.63
  0.81  0.57]
[-286.03492449 -286.00216165 -285.97338483 -285.94844641 -285.92747221
 -285.91015539 -285.89679242 -285.88732528 -285.88164035 -285.8798738
 -285.88191377 -285.88770376 -285.89708252 -285.91011629]
[ 0.28573373  0.27694307  0.26879884  0.26106327  0.2534469   0.24620236
  0.23922932  0.23264314  0.22640967  0.22048055  0.21506944  0.20996815
  0.20514035  0.2004733 ]
