N 600 T 150 iteration 0
[-286.53226491 -286.49864396 -286.46759964 -286.44085881 -286.41881336
 -286.4004525  -286.38661684 -286.3767755  -286.3701934  -286.36641048
 -286.36629831 -286.36952776 -286.37639465 -286.38785587]
N 600 T 150 iteration 1
Untitled Folder[-285.82778047 -285.79845689 -285.77366759 -285.75363632 -285.73758418
 -285.72477328 -285.71522189 -285.70946306 -285.70697394 -285.71004338
 -285.71643528 -285.72620126 -285.73959897 -285.75890573]
N 600 T 150 iteration 2
[-285.72678968 -285.68771037 -285.65282157 -285.62179159 -285.59455605
 -285.57052065 -285.54980097 -285.53271764 -285.51886489 -285.50888599
 -285.50231636 -285.4988714  -285.49815603 -285.49972844]
N 600 T 150 iteration 3
[-286.07223265 -286.04225873 -286.01681265 -285.99467398 -285.97711358
 -285.96338634 -285.95292243 -285.94752184 -285.94665343 -285.94722464
 -285.94993318 -285.95599947 -285.96806688 -285.98231973]
N 600 T 150 iteration 4
[-285.64904975 -285.62212058 -285.60085919 -285.58219619 -285.56421538
 -285.5502125  -285.5381168  -285.53076004 -285.52667877 -285.52742015
 -285.53146088 -285.54014665 -285.55384486 -285.57121315]
N 600 T 150 iteration 5
[-285.69489376 -285.67049983 -285.65017101 -285.63369919 -285.62077367
 -285.60943368 -285.60051612 -285.59596135 -285.59628108 -285.60139248
 -285.60903476 -285.62038458 -285.63592417 -285.65625884]
N 600 T 150 iteration 6
[-285.49021432 -285.46697112 -285.44750332 -285.43161886 -285.42090923
 -285.41270325 -285.40913529 -285.40986828 -285.41556306 -285.42438618
 -285.43474336 -285.44714966 -285.46401118 -285.48627441]
N 600 T 150 iteration 7
[-285.30878382 -285.29777564 -285.28926291 -285.28421635 -285.28216508
 -285.28453469 -285.29039489 -285.29946065 -285.31087519 -285.32487138
 -285.3436896  -285.3658099  -285.39035218 -285.41864479]
N 600 T 150 iteration 8
[-285.99590855 -285.97104292 -285.95050495 -285.93190602 -285.91727861
 -285.90549531 -285.89718755 -285.89279452 -285.89160112 -285.89380099
 -285.89924719 -285.90865496 -285.92298067 -285.939764  ]
N 600 T 150 iteration 9
[-286.56326588 -286.51839288 -286.47795827 -286.43973941 -286.40508168
 -286.37462374 -286.34720584 -286.32615339 -286.30815929 -286.29309503
 -286.28186336 -286.27541598 -286.27245733 -286.27204939]
N 600 T 150 iteration 10
[-286.10915541 -286.07114473 -286.03829711 -286.00849351 -285.9818956
 -285.95780091 -285.93877394 -285.92548928 -285.91547103 -285.90894359
 -285.90691718 -285.90762766 -285.91118323 -285.9175863 ]
N 600 T 150 iteration 11
[-285.6472656  -285.61518895 -285.58787836 -285.56424144 -285.54732472
 -285.53361498 -285.52360311 -285.51687424 -285.51408542 -285.51594117
 -285.52057953 -285.52894484 -285.54078617 -285.55654768]
N 600 T 150 iteration 12
[-287.13690718 -287.08284496 -287.03361775 -286.98877117 -286.9475517
 -286.90938841 -286.87674159 -286.84800813 -286.82246601 -286.80053276
 -286.78231065 -286.76844007 -286.75799296 -286.75131028]
N 600 T 150 iteration 13
[-285.57354717 -285.55918368 -285.5483877  -285.54005512 -285.53669059
 -285.53659723 -285.54138736 -285.55018201 -285.56247856 -285.57807802
 -285.59693842 -285.62055571 -285.64640465 -285.67637099]
N 600 T 150 iteration 14
[-286.35585654 -286.32380294 -286.29758877 -286.2747758  -286.25535536
 -286.24037296 -286.22778764 -286.21938803 -286.21381061 -286.21156261
 -286.21276344 -286.21814485 -286.22814697 -286.24203709]
N 600 T 150 iteration 15
[-285.70049986 -285.68652997 -285.6754875  -285.66905682 -285.66704591
 -285.6677328  -285.67151107 -285.67941287 -285.68985474 -285.703336
 -285.72093209 -285.74183541 -285.76701789 -285.7955965 ]
N 600 T 150 iteration 16
[-286.13978394 -286.11613628 -286.0969221  -286.08106574 -286.06906304
 -286.06124018 -286.05754328 -286.05865912 -286.06260711 -286.06806479
 -286.07615619 -286.08693405 -286.10222953 -286.12202035]
N 600 T 150 iteration 17
[-286.21595827 -286.17985223 -286.14801377 -286.11973406 -286.09359095
 -286.07256764 -286.05633951 -286.04332023 -286.03190048 -286.02387274
 -286.01902507 -286.01750492 -286.02009002 -286.02715846]
N 600 T 150 iteration 18
[-285.32430866 -285.30505734 -285.29230644 -285.28256233 -285.27580917
 -285.27305226 -285.27320165 -285.27678624 -285.28356643 -285.29446377
 -285.31089824 -285.33191839 -285.35624014 -285.38434551]
N 600 T 150 iteration 19
[-285.59783248 -285.57602371 -285.55798606 -285.54422957 -285.53464879
 -285.53008916 -285.53224905 -285.53697209 -285.54304537 -285.55171703
 -285.56379398 -285.58106984 -285.60164854 -285.62401023]
N 600 T 150 iteration 20
[-286.04187518 -286.01309241 -285.98852051 -285.96731322 -285.95034048
 -285.936311   -285.92707787 -285.92201683 -285.91982341 -285.91936639
 -285.92326442 -285.93038313 -285.94065177 -285.95455116]
N 600 T 150 iteration 21
[-285.77724001 -285.74667816 -285.71846045 -285.69311085 -285.6694032
 -285.64779357 -285.63008447 -285.61689139 -285.60612868 -285.59828448
 -285.59606057 -285.59776727 -285.60382023 -285.61346695]
N 600 T 150 iteration 22
[-285.92570127 -285.89783393 -285.87351461 -285.85198002 -285.83286509
 -285.81655907 -285.80452978 -285.79594675 -285.79024158 -285.78970436
 -285.79296826 -285.80121751 -285.81283547 -285.82732349]
N 600 T 150 iteration 23
[-286.54888396 -286.50118661 -286.4568573  -286.41537986 -286.37800067
 -286.34521478 -286.31765182 -286.29239978 -286.27218148 -286.2550915
 -286.24170335 -286.23137633 -286.22427871 -286.22113445]
N 600 T 150 iteration 24
[-286.01353032 -285.98072009 -285.95136615 -285.926865   -285.90463509
 -285.88661233 -285.87215505 -285.86026651 -285.85189871 -285.8478494
 -285.84683945 -285.85018455 -285.85811951 -285.87030042]
N 600 T 150 iteration 25
[-286.21251394 -286.17541013 -286.14178182 -286.11117382 -286.08538876
 -286.06370555 -286.04467215 -286.02755215 -286.01362884 -286.00498592
 -286.00170157 -286.00187426 -286.00547778 -286.01228982]
N 600 T 150 iteration 26
[-285.70693238 -285.69354839 -285.68256967 -285.67674326 -285.67720679
 -285.6784604  -285.68107325 -285.68841249 -285.69501922 -285.70481336
 -285.71821874 -285.73685066 -285.76019713 -285.78574991]
N 600 T 150 iteration 27
[-286.46319342 -286.42123314 -286.38283565 -286.34923119 -286.3221828
 -286.29943194 -286.2812267  -286.26563226 -286.2532542  -286.24434328
 -286.23972127 -286.24204122 -286.24675375 -286.25325582]
N 600 T 150 iteration 28
[-285.2655639  -285.2424282  -285.22137197 -285.20299611 -285.1878069
 -285.17755009 -285.16999042 -285.1663223  -285.16469538 -285.16614054
 -285.17159479 -285.18097863 -285.194175   -285.21266445]
N 600 T 150 iteration 29
[-286.29217959 -286.25371276 -286.2180059  -286.18602547 -286.15845339
 -286.13455762 -286.11433634 -286.09985372 -286.08970442 -286.08230932
 -286.07808871 -286.07770465 -286.07973478 -286.08483701]
N 600 T 150 iteration 30
[-285.52579614 -285.50025498 -285.47907852 -285.46122426 -285.44616221
 -285.43532936 -285.42876732 -285.42613548 -285.42714216 -285.43165582
 -285.43968444 -285.45151126 -285.46693955 -285.48484003]
N 600 T 150 iteration 31
[-284.53134163 -284.5419572  -284.55609443 -284.57448601 -284.59739825
 -284.62454041 -284.65629615 -284.69155726 -284.72959425 -284.77103833
 -284.81557514 -284.86350006 -284.91453753 -284.96910242]
N 600 T 150 iteration 32
[-286.88047833 -286.83668314 -286.79716186 -286.76050925 -286.72702421
 -286.69716105 -286.67057009 -286.6495299  -286.63240726 -286.61682632
 -286.60660393 -286.60083269 -286.59874544 -286.60093521]
N 600 T 150 iteration 33
[-285.71150067 -285.68579257 -285.66459459 -285.64828097 -285.63373963
 -285.6237418  -285.61663422 -285.61451646 -285.61644015 -285.62240069
 -285.63159159 -285.64371406 -285.65957556 -285.68027649]
N 600 T 150 iteration 34
[-285.99975653 -285.95825134 -285.91941188 -285.88545243 -285.85578024
 -285.82988565 -285.80685918 -285.78859582 -285.77354964 -285.76273161
 -285.75525558 -285.75008045 -285.74952767 -285.75208864]
N 600 T 150 iteration 35
[-285.34473802 -285.33572449 -285.33099047 -285.32940522 -285.33144493
 -285.33680489 -285.34389605 -285.35548185 -285.37211171 -285.39120089
 -285.41310667 -285.44047465 -285.47281049 -285.50678437]
N 600 T 150 iteration 36
[-285.60402019 -285.58049199 -285.56192488 -285.54741216 -285.53626054
 -285.52950958 -285.52484826 -285.52503424 -285.52911999 -285.5373563
 -285.54804798 -285.56161248 -285.58057015 -285.60375334]
N 600 T 150 iteration 37
[-285.97740814 -285.94501114 -285.91460297 -285.88881148 -285.86584587
 -285.84573855 -285.82925749 -285.818768   -285.81188357 -285.80762125
 -285.80697041 -285.81022146 -285.81733176 -285.82823999]
N 600 T 150 iteration 38
[-285.97170361 -285.94395113 -285.91943939 -285.90002864 -285.88377149
 -285.8705285  -285.85932365 -285.85081028 -285.84476446 -285.84260181
 -285.84521856 -285.85150618 -285.86112413 -285.87580538]
N 600 T 150 iteration 39
[-286.08803218 -286.05205976 -286.02110936 -285.99338995 -285.97013875
 -285.9501354  -285.93183955 -285.9182794  -285.9091102  -285.90323073
 -285.90194887 -285.90429461 -285.91134723 -285.92243909]
N 600 T 150 iteration 40
[-285.76204585 -285.73354224 -285.70985686 -285.68989062 -285.67315505
 -285.66006052 -285.6500613  -285.64377149 -285.64192816 -285.64177118
 -285.64400929 -285.6511564  -285.66116953 -285.67477572]
N 600 T 150 iteration 41
[-286.01681568 -285.99306671 -285.97235907 -285.95693358 -285.94361884
 -285.93391415 -285.92891745 -285.92809391 -285.93081655 -285.93607935
 -285.94386547 -285.95409273 -285.96686422 -285.98329312]
N 600 T 150 iteration 42
[-285.71551092 -285.69329436 -285.67437167 -285.65775533 -285.64488672
 -285.63618599 -285.63099069 -285.62965364 -285.63268872 -285.6397627
 -285.64987366 -285.66319253 -285.68021017 -285.70045785]
N 600 T 150 iteration 43
[-285.54223507 -285.51860553 -285.4980577  -285.48103459 -285.4673775
 -285.45768405 -285.45251729 -285.4528933  -285.45569181 -285.46168016
 -285.4712379  -285.48513279 -285.50408803 -285.52701438]
N 600 T 150 iteration 44
[-285.90322353 -285.87254347 -285.84520406 -285.82277887 -285.803247
 -285.78842985 -285.77786611 -285.77172488 -285.76874059 -285.76876498
 -285.77255921 -285.77786418 -285.7880629  -285.80266523]
N 600 T 150 iteration 45
[-285.96754928 -285.94473137 -285.92663879 -285.91363362 -285.90384124
 -285.89840508 -285.89494835 -285.8966797  -285.90286223 -285.91164445
 -285.92366032 -285.93861392 -285.95758408 -285.98012246]
N 600 T 150 iteration 46
[-286.02517662 -286.00020942 -285.97935066 -285.96227199 -285.94824722
 -285.93678872 -285.92882784 -285.92526022 -285.92573791 -285.92870236
 -285.93588376 -285.94743061 -285.96117182 -285.97863162]
N 600 T 150 iteration 47
[-286.64462467 -286.61075021 -286.5800011  -286.55194109 -286.52696548
 -286.50468759 -286.48550494 -286.47196151 -286.45975102 -286.451414
 -286.44689957 -286.44418283 -286.44691084 -286.45340257]
N 600 T 150 iteration 48
[-285.29713975 -285.26964617 -285.24697396 -285.22841586 -285.21338013
 -285.20118981 -285.19374739 -285.18988872 -285.18961078 -285.19212016
 -285.1981936  -285.20795822 -285.22265639 -285.24163496]
N 600 T 150 iteration 49
[-285.35692451 -285.34651875 -285.33960255 -285.33580386 -285.33563814
 -285.3386398  -285.34273615 -285.35031644 -285.36040645 -285.37526881
 -285.39403364 -285.41594779 -285.44151615 -285.47224402]
[ 0.72  0.66  0.78  0.66  0.66  0.63  0.6   0.54  0.66  0.81  0.72  0.66
  0.81  0.57  0.69  0.54  0.6   0.75  0.57  0.57  0.69  0.72  0.69  0.81
  0.72  0.72  0.51  0.72  0.66  0.75  0.63  0.42  0.78  0.63  0.78  0.51
  0.6   0.72  0.69  0.72  0.69  0.63  0.63  0.6   0.66  0.6   0.63  0.75
  0.66  0.54]
[-285.89551868 -285.86757135 -285.84351511 -285.82315202 -285.80643347
 -285.79328299 -285.78366928 -285.7782163  -285.77604127 -285.77721607
 -285.78199436 -285.79049671 -285.8028463  -285.81888156]
[ 0.20951128  0.20120358  0.19317333  0.18536316  0.17782744  0.17052703
  0.16359716  0.15705425  0.1507655   0.1445656   0.13869232  0.13305101
  0.12760806  0.12232973]