###### 
AR(1)
######

--------------------------------------------------------------------------
1. single run results:

sigma_epsilon_square_0 = 2
sigma_eta_square_0 = 0.02
phi_0 = 0.975
mu_0 = 0.5
T = 5000


mu = [0.33:0.66:0.03]
N = 300
-9031.03245763 -9030.79297052 -9030.68170708 -9030.69633851 -9030.84010399
 -9031.11618582 -9031.52575533 -9032.07236993 -9032.75719939 -9033.57537071
 -9034.52999868 -9035.6215629

N = 3500
[-9033.03094319 -9032.28276685 -9031.66523771 -9031.18108869 -9030.82760441
 -9030.60707039 -9030.51714279 -9030.55750125 -9030.73057548 -9031.033723
 -9031.46844401 -9032.03441985]

---------------------------------------------------------------------------


2. 50 run results (convergence):

sigma_epsilon_square_0 = 2
sigma_eta_square_0 = 0.02
phi_0 = 0.975
mu_0 = 0.5

mus = [i*0.03 for i in range(14,28)]

T = 150
-------------------

N = 300 :
1. corresponding maximum likelihood mu value in each run 
[ 0.75  0.69  0.66  0.6   0.72  0.81  0.81  0.57  0.75  0.63  0.51  0.75
  0.72  0.54  0.69  0.51  0.69  0.75  0.66  0.66  0.72  0.72  0.75  0.69
  0.63  0.6   0.81  0.72  0.63  0.78  0.51  0.63  0.69  0.66  0.57  0.69
  0.72  0.69  0.81  0.66  0.81  0.78  0.81  0.57  0.78  0.63  0.78  0.63
  0.81  0.57]

2. mean value
[-286.03492449 -286.00216165 -285.97338483 -285.94844641 -285.92747221
 -285.91015539 -285.89679242 -285.88732528 -285.88164035 -285.8798738
 -285.88191377 -285.88770376 -285.89708252 -285.91011629]

3. variance
[ 0.28573373  0.27694307  0.26879884  0.26106327  0.2534469   0.24620236
  0.23922932  0.23264314  0.22640967  0.22048055  0.21506944  0.20996815
  0.20514035  0.2004733 ]
-------------------
N = 600 :
1.
[ 0.72  0.66  0.78  0.66  0.66  0.63  0.6   0.54  0.66  0.81  0.72  0.66
  0.81  0.57  0.69  0.54  0.6   0.75  0.57  0.57  0.69  0.72  0.69  0.81
  0.72  0.72  0.51  0.72  0.66  0.75  0.63  0.42  0.78  0.63  0.78  0.51
  0.6   0.72  0.69  0.72  0.69  0.63  0.63  0.6   0.66  0.6   0.63  0.75
  0.66  0.54]
2.
[-285.89551868 -285.86757135 -285.84351511 -285.82315202 -285.80643347
 -285.79328299 -285.78366928 -285.7782163  -285.77604127 -285.77721607
 -285.78199436 -285.79049671 -285.8028463  -285.81888156]
3.
[ 0.20951128  0.20120358  0.19317333  0.18536316  0.17782744  0.17052703
  0.16359716  0.15705425  0.1507655   0.1445656   0.13869232  0.13305101
  0.12760806  0.12232973]
------------------------------------------------------------------------



