mus = [i * 0.05 for i in range(6, 16)]
iteration 0
[-1683.22063827 -1682.77319683 -1682.38061665 -1682.07284955 -1681.84532033
 -1681.6869849  -1681.63656752 -1681.64439631 -1681.73411344 -1681.91922469]
iteration 1
[-1678.5846909  -1678.21037988 -1677.94376604 -1677.7841924  -1677.69702205
 -1677.70493061 -1677.78540754 -1677.95604256 -1678.19196991 -1678.53319176]
iteration 2
[-1679.13454092 -1678.95828021 -1678.83714382 -1678.81961688 -1678.88110348
 -1679.02260861 -1679.23281595 -1679.5370473  -1679.92517314 -1680.37210499]
iteration 3
[-1678.96888389 -1678.73865426 -1678.59768674 -1678.5552092  -1678.58387695
 -1678.69065296 -1678.90922435 -1679.20013896 -1679.57594358 -1680.02643049]
iteration 4
[-1679.17133271 -1678.8721048  -1678.68600262 -1678.56295147 -1678.51010125
 -1678.56417559 -1678.69459798 -1678.89924111 -1679.17836644 -1679.54924177]
iteration 5
[-1679.86172877 -1679.59097261 -1679.38644806 -1679.26816344 -1679.21207705
 -1679.23473812 -1679.32819064 -1679.49101664 -1679.73644408 -1680.04553512]
iteration 6
[-1685.41520976 -1685.20367904 -1685.0852301  -1685.01894756 -1685.00750554
 -1685.08418609 -1685.26465331 -1685.48526268 -1685.8202694  -1686.19418464]
iteration 7
[-1679.02746776 -1678.88166909 -1678.80637218 -1678.78831113 -1678.82713151
 -1678.95128922 -1679.14355856 -1679.42014986 -1679.7738344  -1680.20941897]
iteration 8
[-1682.13874232 -1681.90011879 -1681.78432715 -1681.74200414 -1681.77790767
 -1681.91387081 -1682.14244697 -1682.43387864 -1682.81664194 -1683.28206089]
iteration 9
[-1689.73767168 -1689.18616054 -1688.74644654 -1688.39089414 -1688.08292968
 -1687.87161824 -1687.72277238 -1687.64373572 -1687.64855812 -1687.74096645]
 iteration 10
[-1683.07319126 -1682.83374077 -1682.66007122 -1682.57034038 -1682.58179341
 -1682.63415304 -1682.75305818 -1682.94700268 -1683.23467977 -1683.5913505 ]
iteration 11
[-1680.04235693 -1679.90093458 -1679.84137563 -1679.84991228 -1679.92542128
 -1680.07551491 -1680.30939698 -1680.62422846 -1681.02948026 -1681.50739529]
 iteration 12
[-1683.3588912  -1682.95346494 -1682.62275266 -1682.39094707 -1682.24322595
 -1682.20143157 -1682.24548265 -1682.37040196 -1682.58863349 -1682.87499921]
iteration 13
[-1681.886313   -1681.69625109 -1681.60428621 -1681.58372998 -1681.65890186
 -1681.80071644 -1682.01170596 -1682.30481299 -1682.66489869 -1683.10349896]
iteration 14
[-1679.1982048  -1679.0515009  -1678.97873863 -1678.95975886 -1679.02808948
 -1679.22665471 -1679.47261233 -1679.80106475 -1680.19884774 -1680.69080795]
iteration 15
[-1681.60934286 -1681.26428052 -1680.9805943  -1680.79536008 -1680.72941618
 -1680.73009816 -1680.83554186 -1681.02733767 -1681.31143658 -1681.70409118]
iteration 16
[-1679.86147628 -1679.61360037 -1679.47203075 -1679.41363214 -1679.41562538
 -1679.49373073 -1679.64844808 -1679.88742254 -1680.21533344 -1680.62940498]
iteration 17
[-1679.03002291 -1678.73397871 -1678.52714926 -1678.39817516 -1678.35124953
 -1678.36543463 -1678.49795078 -1678.69857381 -1678.98143313 -1679.34552433]
iteration 18
[-1675.09348216 -1674.85544955 -1674.74316423 -1674.68803711 -1674.72120141
 -1674.8041047  -1674.98544258 -1675.2936208  -1675.66350278 -1676.10325761]
iteration 19
[-1685.82914282 -1685.64839267 -1685.56745025 -1685.56104583 -1685.6205964
 -1685.75274493 -1685.96666532 -1686.2591087  -1686.64589379 -1687.10413985]
iteration 20
[-1685.56273139 -1685.48976882 -1685.50149554 -1685.59959195 -1685.76093465
 -1686.0141127  -1686.35486386 -1686.75708054 -1687.2259817  -1687.77584417]
iteration 21
[-1681.00368257 -1680.71565013 -1680.4839039  -1680.34717772 -1680.25978427
 -1680.26392147 -1680.34411952 -1680.47772372 -1680.69008314 -1680.97895391]
iteration 22
[-1683.59401353 -1683.1722125  -1682.84766842 -1682.5768462  -1682.39768302
 -1682.30847514 -1682.30790305 -1682.40811206 -1682.5896786  -1682.82424176]
iteration 23
[-1684.61124989 -1684.306517   -1684.11249054 -1683.98751877 -1683.98356595
 -1684.01822916 -1684.12325118 -1684.3390149  -1684.62293379 -1684.99563026]
iteration 24
[-1683.95199712 -1683.64086349 -1683.44991737 -1683.27280826 -1683.21549154
 -1683.22304697 -1683.33029988 -1683.50714184 -1683.753403   -1684.07232927]
iteration 25
[-1679.43059953 -1679.3416535  -1679.32009332 -1679.36809397 -1679.48630089
 -1679.68017697 -1679.95761148 -1680.29983946 -1680.71415671 -1681.19355127]
iteration 26
[-1674.92887925 -1674.78229876 -1674.71861574 -1674.74587568 -1674.82158221
 -1674.98931661 -1675.2384263  -1675.55385614 -1675.96391345 -1676.44239931]
iteration 27
[-1677.79386593 -1677.63630161 -1677.58501692 -1677.58886725 -1677.67988841
 -1677.82662985 -1678.05851397 -1678.37677201 -1678.75773322 -1679.21041861]
iteration 28
[-1684.59159641 -1684.29658346 -1684.09184828 -1683.9727921  -1683.94160992
 -1683.9811283  -1684.12856739 -1684.33437648 -1684.62235217 -1684.95052054]
iteration 29
[-1679.91473228 -1679.7511807  -1679.6751238  -1679.658499   -1679.69515893
 -1679.81684992 -1679.99344121 -1680.23363484 -1680.56852838 -1680.97334416]
iteration 30
[-1686.37903299 -1686.02427039 -1685.76999794 -1685.58527238 -1685.45091113
 -1685.40702598 -1685.41609329 -1685.52691637 -1685.69260212 -1685.95358853]
iteration 31
[-1675.74540376 -1675.56979136 -1675.4666319  -1675.43347598 -1675.48011581
 -1675.60853199 -1675.83326221 -1676.16165804 -1676.55596788 -1677.02097667]
iteration 32
[-1673.71321359 -1673.61707355 -1673.60569736 -1673.68239867 -1673.82534224
 -1674.02532527 -1674.30304382 -1674.65119728 -1675.07978543 -1675.57238988]
iteration 33
[-1684.08365413 -1683.93862229 -1683.85191515 -1683.8401561  -1683.89486741
 -1684.04137515 -1684.27745775 -1684.59578414 -1684.96254154 -1685.39545407]
iteration 34
[-1679.32514012 -1679.1472158  -1679.04024061 -1679.00230337 -1679.06062351
 -1679.17654044 -1679.40742637 -1679.706426   -1680.07656952 -1680.53764938]
iteration 35
[-1683.6210903  -1683.36424227 -1683.19392659 -1683.08785676 -1683.05359157
 -1683.07646025 -1683.18573712 -1683.38273144 -1683.63174743 -1683.9422984 ]
 iteration 36
[-1681.06655531 -1680.67866768 -1680.37636811 -1680.15620642 -1680.03393993
 -1680.01834446 -1680.07153234 -1680.2194057  -1680.44106717 -1680.75373497]
iteration 37
[-1681.229402   -1680.83811329 -1680.52696029 -1680.30503488 -1680.16241249
 -1680.08809786 -1680.12007945 -1680.23034564 -1680.41177229 -1680.6709193 ]
iteration 38
[-1680.56321934 -1680.2938257  -1680.0647055  -1679.8968266  -1679.78294031
 -1679.71285817 -1679.76229192 -1679.8789162  -1680.08349285 -1680.38781175]
iteration 39
[-1682.49942406 -1682.44778993 -1682.47930289 -1682.59948763 -1682.74528248
 -1682.9664038  -1683.2535162  -1683.61283555 -1684.05969602 -1684.50781589]
iteration 40
[-1685.42380445 -1685.37031109 -1685.38326617 -1685.49068531 -1685.65640719
 -1685.91960417 -1686.27021773 -1686.68360315 -1687.19607482 -1687.76581298]
iteration 41
[-1684.61332544 -1684.16023804 -1683.77387856 -1683.49817276 -1683.27988191
 -1683.13220547 -1683.09583063 -1683.12561289 -1683.22197295 -1683.40337325]
iteration 42
[-1675.830763   -1675.57411874 -1675.36285069 -1675.26881503 -1675.27265565
 -1675.31387147 -1675.41913898 -1675.64213117 -1675.95834889 -1676.34821207]
iteration 43
[-1682.61410703 -1682.24437135 -1681.96999659 -1681.77831918 -1681.6724327
 -1681.65278957 -1681.73458937 -1681.89666326 -1682.15789198 -1682.48911932]
iteration 44
[-1683.97553462 -1683.53390008 -1683.16428772 -1682.85604438 -1682.64148056
 -1682.48867405 -1682.46071725 -1682.50865323 -1682.6127061  -1682.78339327]
iteration 45
[-1678.79880428 -1678.50219156 -1678.29148301 -1678.14354456 -1678.07532012
 -1678.1153275  -1678.22701512 -1678.39899253 -1678.65629011 -1678.98222942]
iteration 46
[-1676.4676884  -1676.2169538  -1676.05453774 -1676.00279047 -1676.01413132
 -1676.11039471 -1676.27685113 -1676.51679439 -1676.8529655  -1677.28680932]
iteration 47
[-1681.99845336 -1681.68145366 -1681.43145057 -1681.22580428 -1681.12968496
 -1681.09999959 -1681.12769791 -1681.28075923 -1681.47896109 -1681.76682625]
iteration 48
[-1675.54267203 -1675.39269312 -1675.31589592 -1675.30502591 -1675.36464029
 -1675.49374438 -1675.7242901  -1676.01707632 -1676.38279545 -1676.79974756]
iteration 49
[-1679.81464456 -1679.50739219 -1679.26146878 -1679.09784123 -1679.01414113
 -1678.99754986 -1679.07961304 -1679.24370227 -1679.47602412 -1679.80946   ]

[ 0.6   0.5   0.45  0.45  0.5   0.5   0.5   0.45  0.45  0.65  0.45  0.4
  0.55  0.45  0.45  0.5   0.45  0.5   0.45  0.45  0.35  0.5   0.6   0.5
  0.5   0.4   0.4   0.4   0.5   0.45  0.55  0.45  0.4   0.45  0.45  0.5
  0.55  0.55  0.55  0.35  0.35  0.6   0.45  0.55  0.6   0.5   0.45  0.55
  0.45  0.55]

mean
[-1681.05865224 -1680.80206152 -1680.62845378 -1680.53176423 -1680.51106598
 -1680.567533   -1680.70939879 -1680.92984482 -1681.22866983 -1681.6024337 ]
var
[ 11.50230649  11.22570706  10.99073028  10.76620625  10.5580737
  10.39048978  10.24551574  10.09665451   9.97009296   9.84482095]

