xi = [0.005*i for i in range(1,13)]

iteration 0 :
[-980.31409746 -978.21952087 -976.99182277 -977.74203961 -978.31284142
 -979.72238421 -981.53436443 -983.65431463 -986.21557459 -989.0564758
 -992.25339458 -995.58875376]
iteration 1 :
[-979.58965876 -977.65269097 -977.45744015 -977.89425841 -978.85429672
 -980.50573445 -982.92531991 -984.87907754 -988.15071628 -990.97999407
 -994.60196792 -998.02818452]
iteration 2 :
[-980.30631051 -978.12528541 -977.97998577 -978.75654307 -980.0283421
 -981.70370811 -983.85762493 -986.63791769 -989.15980904 -992.47697637
 -996.12350595 -999.63342862]