theta = [0.05*i for i in range(5,15)]
iteration 0 :
[-1022.08274509  -993.55924386  -979.3332717   -973.67787582  -973.54566554
  -977.09897318  -983.71497565  -992.21724202 -1001.141566   -1011.46634649]
iteration 1 :
[-1024.18555116  -996.48906962  -981.57992525  -975.05450093  -974.42572142
  -977.62179895  -983.2853417   -991.35525845 -1000.0407864  -1010.39571668]
iteration 2 :
[-1027.14761221  -996.18508581  -981.44838965  -975.53752869  -974.79068475
  -978.27979689  -984.12325572  -992.0166975  -1001.20366464 -1011.14735128]
