rho -0.0 : -3044.39992278873
rho -0.2 : -3043.3232197353573
rho -0.4 : -3042.5870778660615
rho -0.6000000000000001 : -3042.7435699411953
rho -0.8 : -3045.8484096889697

rhos = [-0.1*i for i in range(9)]

iteration 0
[-3044.06485599 -3043.97219595 -3044.01792494 -3044.24356158 -3044.6652493
 -3045.33163363 -3046.4629337  -3048.62433078 -3053.02177501]
iteration 1
[-3046.35771841 -3046.18161285 -3046.08192355 -3046.00563465 -3046.02431088
 -3046.12315224 -3046.47537002 -3047.62032491 -3049.56997056]
iteration 2
[-3043.80102153 -3043.70621956 -3043.600149   -3043.55687477 -3043.632131
 -3043.82786445 -3044.28008434 -3045.38696373 -3047.36505452]
iteration 3
[-3045.80728785 -3045.44536742 -3045.12767103 -3044.89458216 -3044.73679103
 -3044.66544709 -3044.76989337 -3045.63027112 -3048.11212453]
iteration 4
[-3044.16774089 -3043.60089417 -3043.27833994 -3043.19637274 -3043.3901364
 -3043.79911983 -3044.49851071 -3045.52202241 -3046.98772247]
iteration 5
[-3047.12907051 -3047.07242226 -3047.0322745  -3047.00997482 -3047.09906752
 -3047.40121127 -3048.12550631 -3049.71419563 -3053.08748625]
iteration 6
[-3046.31428006 -3046.18986898 -3046.35242175 -3046.81053276 -3047.4993552
 -3048.786138   -3050.5138187  -3053.34024466 -3059.31086028]
iteration 7
[-3046.06774212 -3045.72811705 -3045.51443049 -3045.40703254 -3045.41826719
 -3045.59615609 -3046.0574501  -3047.01319419 -3049.253222  ]
iteration 8
[-3043.76746021 -3043.20884039 -3042.75774816 -3042.44747548 -3042.27975799
 -3042.27281064 -3042.49474889 -3043.06486467 -3044.49290725]
iteration 9
[-3044.85614578 -3044.78757792 -3044.67255478 -3044.59708265 -3044.62851346
 -3044.87931537 -3045.68516667 -3047.42655152 -3051.00558446]

[-0.1 -0.3 -0.3 -0.5 -0.3 -0.3 -0.1 -0.3 -0.5 -0.3]
[-3045.23333234 -3044.98931166 -3044.84354381 -3044.81691241 -3044.937358
 -3045.26828486 -3045.93634828 -3047.33429636 -3050.22067074]
[  1.3895567    1.57754173   1.81889773   2.07565111   2.40195632
   3.148781     4.44070534   7.18011444  15.65315597]

iteration 10
[-3045.56726185 -3044.71898941 -3044.07183215 -3043.65681695 -3043.52024584
 -3043.6957226  -3044.36586136 -3045.66029027 -3048.06365098]
iteration 11
[-3045.52375763 -3045.21675929 -3045.06556991 -3045.10487938 -3045.33665532
 -3045.7736527  -3046.34516302 -3047.30851692 -3049.73339352]
iteration 12
[-3047.24608122 -3047.60796176 -3048.09064464 -3048.72451705 -3049.60904794
 -3050.7140676  -3052.37770037 -3055.30325786 -3061.36749339]
iteration 13
[-3045.97975823 -3045.80574786 -3045.78762523 -3045.92255807 -3046.27329491
 -3046.92910584 -3048.05813964 -3049.84423491 -3053.12812964]
iteration 14
[-3045.97542452 -3045.96989436 -3046.11683334 -3046.42971696 -3047.00033311
 -3047.87228752 -3049.05680296 -3050.90760332 -3054.34122062]
iteration 15
[-3043.66338309 -3043.58925444 -3043.64639978 -3043.92034529 -3044.42142724
 -3045.29036273 -3046.69806678 -3048.99112354 -3053.8845766 ]
iteration 16
[-3045.97335396 -3045.44565073 -3044.98121713 -3044.64094075 -3044.49405792
 -3044.67086889 -3045.30666114 -3046.76968244 -3050.34448724]
iteration 17
[-3047.1324756  -3047.04718331 -3047.12559537 -3047.42668255 -3048.03751281
 -3049.04577781 -3050.53921781 -3052.77658828 -3056.95414499]
iteration 18
[-3046.25320459 -3046.22602469 -3046.30934973 -3046.49843922 -3046.80036049
 -3047.17009195 -3047.85522556 -3048.81715042 -3050.78834591]
iteration 19
[-3046.432218   -3046.77332309 -3047.3239498  -3048.09023264 -3049.09561837
 -3050.43722282 -3052.3148179  -3055.06776661 -3059.97874418]
[-0.4 -0.2 -0.  -0.2 -0.1 -0.1 -0.4 -0.1 -0.1 -0. ]
[-3045.97469187 -3045.8400789  -3045.85190171 -3046.04151289 -3046.45885539
 -3047.15991605 -3048.29176565 -3050.14462146 -3053.85841871]
[  0.89553107   1.24875937   1.84940657   2.67131046   3.77189495
   5.11030053   6.94139949  10.10841758  17.6563439 ]
