k = [0.005*i for i in range(1,13)]

iteration 0 :
[-1005.30854748  -983.4117543   -978.58115815  -977.09897318  -976.97212459
  -977.02934591  -977.37522036  -977.88620321  -978.11879187  -978.401655
  -978.74265791  -978.96563323]
iteration 1 :
[-1008.17467747  -985.70424309  -980.01116248  -977.62179895  -976.91638568
  -976.61713482  -976.80562978  -976.92392361  -977.09039948  -977.38498108
  -977.68596132  -977.90738531]
iteration 2 :
[-1013.58853896  -987.72798481  -980.11157393  -978.27979689  -977.29315465
  -977.33914245  -977.48725253  -977.70423994  -977.86144026  -978.21823656
  -978.44369397  -978.67832007]